1776785626.486790 0.000000 0.000000 0.000000 -1.000000
1776785626.591305 -0.057165 0.006041 0.002497 0.601097
1776785626.697406 -0.058160 -0.034266 0.001835 0.692259
1776785626.799708 -0.062857 -0.039538 0.000394 0.783624
1776785626.904063 -0.076818 -0.044703 0.000572 0.818271
1776785627.011086 -0.085522 -0.053318 0.001956 0.850566
1776785627.114878 -0.093422 -0.060145 0.002057 0.898666
1776785627.218352 -0.098401 -0.067035 0.002067 0.917481
1776785627.325902 -0.097927 -0.069456 0.000788 0.934718
1776785627.425481 -0.101583 -0.069093 0.001581 0.948874
1776785627.530365 -0.101910 -0.072898 0.002164 0.935770
1776785627.634527 -0.105145 -0.073077 0.001972 0.946886
1776785627.739150 -0.110440 -0.077010 0.002074 0.954422
1776785627.843595 -0.108672 -0.078011 0.001615 0.953292
1776785627.956855 -0.111829 -0.078942 0.001374 0.968550
1776785628.052838 -0.115875 -0.083819 0.000366 0.967267
1776785628.157896 -0.112049 -0.080809 0.000910 0.960770
1776785628.261895 -0.116699 -0.084605 0.000256 0.956927
1776785628.366093 -0.114755 -0.083900 0.001312 0.963087
1776785628.474553 -0.122426 -0.086951 0.001491 0.952366
1776785628.578495 -0.124955 -0.090529 0.001540 0.961056
1776785628.679302 -0.126662 -0.092258 0.002330 0.959283
1776785628.788341 -0.126891 -0.092335 0.001710 0.972695
1776785628.892361 -0.125862 -0.094130 0.001397 0.979578
1776785628.992664 -0.133321 -0.095521 0.002107 0.962803
1776785629.097824 -0.133802 -0.098296 0.001725 0.984587
1776785629.201842 -0.131983 -0.098673 0.002617 0.977898
1776785629.306667 -0.137790 -0.099870 0.001134 0.977390
1776785629.411850 -0.140910 -0.104000 0.000607 0.972597
1776785629.516804 -0.139212 -0.106370 0.000881 0.971812
1776785629.625709 -0.139772 -0.104460 0.001261 0.972076
1776785629.726520 -0.141355 -0.105951 0.000759 0.979439
1776785629.832908 -0.142792 -0.107137 0.001143 0.979902
1776785629.934283 -0.143766 -0.110759 0.001215 0.978853
1776785630.038440 -0.145968 -0.113010 0.000439 0.969435
1776785630.143056 -0.145128 -0.115356 0.001156 0.979474
1776785630.251660 -0.145456 -0.115523 0.001070 0.978501
1776785630.352581 -0.147597 -0.116202 0.001091 0.962248
1776785630.459728 -0.153740 -0.120141 0.002013 0.963945
1776785630.567487 -0.148903 -0.120675 0.002333 0.981493
1776785630.664350 -0.150079 -0.120696 0.000869 0.984278
1776785630.768247 -0.150137 -0.120039 0.000037 0.973675
1776785630.872587 -0.148980 -0.122909 0.001203 0.984232
1776785630.977137 -0.155443 -0.124364 0.001561 0.983368
1776785631.086075 -0.151706 -0.123536 0.000999 0.983544
1776785631.187310 -0.154736 -0.125655 0.001261 0.970047
1776785631.290915 -0.156872 -0.125822 -0.000354 0.971010
1776785631.394080 -0.158418 -0.127629 0.001138 0.977430
1776785631.497867 -0.159484 -0.129360 0.000812 0.978755
1776785631.605155 -0.157148 -0.129886 0.001783 0.976664
1776785631.705372 -0.159380 -0.129298 0.001099 0.975559
1776785631.814011 -0.163273 -0.135378 0.002444 0.971663
1776785631.919565 -0.159627 -0.132944 0.000892 0.969842
1776785632.017403 -0.165450 -0.136257 0.001265 0.965577
1776785632.127064 -0.159749 -0.136441 0.002405 0.980559
1776785632.226357 -0.161386 -0.135837 0.001235 0.967953
1776785632.330690 -0.164544 -0.137929 0.001705 0.975135
1776785632.439573 -0.165399 -0.137349 0.001145 0.970794
1776785632.546952 -0.166591 -0.140160 0.001677 0.978219
1776785632.643912 -0.164325 -0.137151 -0.000907 0.973716
1776785632.749072 -0.166547 -0.141563 -0.000169 0.970193
1776785632.853710 -0.167179 -0.138814 0.001570 0.975601
1776785632.958734 -0.168408 -0.137599 -0.000843 0.968016
1776785633.062428 -0.173480 -0.143752 -0.000646 0.971803
1776785633.166083 -0.173688 -0.145867 0.000533 0.972866
1776785633.274908 -0.174632 -0.142209 0.001382 0.980000
1776785633.375520 -0.179605 -0.147065 0.002611 0.979648
1776785633.479625 -0.175138 -0.147017 0.001266 0.974384
1776785633.588515 -0.179440 -0.148498 -0.000049 0.969218
1776785633.689332 -0.181833 -0.150918 -0.000012 0.971809
1776785633.792483 -0.181344 -0.150640 0.000749 0.983350
1776785633.898122 -0.182316 -0.150206 -0.000481 0.976665
1776785634.001553 -0.181948 -0.148129 0.000567 0.968256
1776785634.106340 -0.184454 -0.150667 -0.000083 0.985333
1776785634.214902 -0.184329 -0.152004 0.000532 0.980486
1776785634.315556 -0.187476 -0.152893 0.000639 0.975907
1776785634.425059 -0.189738 -0.160606 0.000405 0.971071
1776785634.529114 -0.189253 -0.158739 0.000171 0.978003
1776785634.629971 -0.193233 -0.161734 0.000914 0.969750
1776785634.739968 -0.195523 -0.163947 0.000026 0.980287
1776785634.837374 -0.193816 -0.164075 0.000140 0.977087
1776785634.942133 -0.191787 -0.163656 0.000069 0.977839
1776785635.046570 -0.193703 -0.165110 0.000182 0.964977
1776785635.152704 -0.191295 -0.163792 0.000458 0.974725
1776785635.255739 -0.196819 -0.167730 0.000366 0.974364
1776785635.360511 -0.194287 -0.166705 0.000187 0.965564
1776785635.466448 -0.198419 -0.168977 0.000488 0.983067
1776785635.572930 -0.198653 -0.175026 0.001240 0.980227
1776785635.673237 -0.195557 -0.172771 0.000287 0.969278
1776785635.782077 -0.201053 -0.175423 0.001350 0.973831
1776785635.883097 -0.201304 -0.176321 0.001167 0.976143
1776785635.990805 -0.203972 -0.177783 0.001737 0.967107
1776785636.093461 -0.200732 -0.175244 0.000168 0.972858
1776785636.195500 -0.205074 -0.179292 -0.000033 0.979943
1776785636.298638 -0.204785 -0.179119 -0.000264 0.983903
1776785636.406697 -0.210340 -0.182411 0.000061 0.975778
1776785636.506899 -0.211059 -0.182177 -0.000927 0.977605
1776785636.619568 -0.206244 -0.181385 -0.000541 0.978155
1776785636.715225 -0.211660 -0.183783 -0.001127 0.978415
1776785636.820007 -0.210587 -0.182218 -0.001399 0.971794
1776785636.925214 -0.211236 -0.185911 0.000035 0.984452
1776785637.030318 -0.215630 -0.185963 -0.000484 0.977554
1776785637.137103 -0.211790 -0.184846 -0.000298 0.977082
1776785637.236619 -0.214947 -0.185011 0.000013 0.971870
1776785637.341516 -0.216960 -0.190074 0.000206 0.969625
1776785637.444845 -0.214950 -0.186900 0.000106 0.978607
1776785637.549377 -0.220354 -0.187342 0.002586 0.977170
1776785637.661306 -0.220199 -0.187909 -0.000307 0.970380
1776785637.757431 -0.216756 -0.187050 -0.000042 0.981499
1776785637.860725 -0.222492 -0.190062 0.001465 0.980237
1776785637.964993 -0.221907 -0.191303 0.000004 0.980806
1776785638.069376 -0.219332 -0.191590 -0.000024 0.978028
1776785638.176551 -0.218993 -0.191067 0.000741 0.974618
1776785638.278186 -0.228396 -0.196069 0.000311 0.971601
1776785638.383299 -0.224952 -0.195478 0.000342 0.980952
1776785638.488374 -0.225821 -0.196119 -0.000168 0.964663
1776785638.593002 -0.225769 -0.199626 -0.000003 0.974234
1776785638.699043 -0.233889 -0.202864 -0.000106 0.980808
1776785638.801851 -0.234433 -0.204373 -0.001266 0.979982
1776785638.905961 -0.233311 -0.201214 0.000346 0.956538
1776785639.018350 -0.234021 -0.206329 -0.002033 0.967126
1776785639.115417 -0.232612 -0.202966 -0.001076 0.967101
1776785639.219884 -0.236909 -0.203570 -0.001723 0.971889
1776785639.323215 -0.232135 -0.202548 -0.002994 0.950707
1776785639.434070 -0.223413 -0.209407 -0.002271 0.951630
1776785639.532591 -0.213345 -0.206086 -0.005535 0.917566
1776785639.637390 -0.188060 -0.199927 -0.008589 0.839990
1776785639.742352 -0.172298 -0.205618 -0.011070 0.820177
1776785639.846785 -0.145564 -0.208390 -0.017013 0.836753
1776785639.951242 -0.114247 -0.208321 -0.020133 0.882667
1776785640.056550 -0.083949 -0.211408 -0.025364 0.885935
1776785640.161144 -0.049718 -0.212262 -0.029256 0.864823
1776785640.270074 -0.007469 -0.207896 -0.031040 0.865200
1776785640.374906 0.038992 -0.208511 -0.034956 0.828273
1776785640.475601 0.076863 -0.212902 -0.039165 0.825311
1776785640.580351 0.116430 -0.214287 -0.041735 0.853150
1776785640.684582 0.159220 -0.212417 -0.046566 0.855682
1776785640.793135 0.204291 -0.212864 -0.051122 0.847749
1776785640.893468 0.249274 -0.217359 -0.059108 0.818744
1776785640.998678 0.282032 -0.217619 -0.064261 0.804753
1776785641.103281 0.314973 -0.224135 -0.067951 0.807517
1776785641.207964 0.347156 -0.225553 -0.071813 0.799154
1776785641.317400 0.374033 -0.227418 -0.076597 0.803196
1776785641.419826 0.401003 -0.232103 -0.079856 0.816441
1776785641.526780 0.423888 -0.234589 -0.082360 0.816941
1776785641.630831 0.445741 -0.238324 -0.086898 0.792999
1776785641.733401 0.465343 -0.238544 -0.090606 0.808824
1776785641.837454 0.483242 -0.243208 -0.091263 0.827025
1776785641.944114 0.502625 -0.245878 -0.095283 0.818535
1776785642.046907 0.513662 -0.249254 -0.095486 0.854690
1776785642.155160 0.531224 -0.248124 -0.098698 0.834858
1776785642.255867 0.543507 -0.251940 -0.099793 0.880484
1776785642.364609 0.558965 -0.252310 -0.102393 0.842811
1776785642.465089 0.569946 -0.258327 -0.104821 0.867734
1776785642.570848 0.588516 -0.260404 -0.106335 0.828912
1776785642.676144 0.604619 -0.262476 -0.109066 0.869268
1776785642.780814 0.627495 -0.263358 -0.110766 0.842716
1776785642.885925 0.646417 -0.264299 -0.115070 0.839345
1776785642.990648 0.671312 -0.267091 -0.117717 0.813673
1776785643.095823 0.690746 -0.268460 -0.121697 0.804214
1776785643.198901 0.717663 -0.274897 -0.124356 0.815088
1776785643.299058 0.744229 -0.280589 -0.127632 0.819845
1776785643.415671 0.770762 -0.280073 -0.131105 0.815822
1776785643.513562 0.798448 -0.285229 -0.134889 0.821628
1776785643.618097 0.831822 -0.284095 -0.139333 0.820145
1776785643.721863 0.859957 -0.291130 -0.140219 0.819933
1776785643.825356 0.889185 -0.293015 -0.140100 0.835235
1776785643.929924 0.915999 -0.300422 -0.141570 0.846874
1776785644.039786 0.942842 -0.301309 -0.145705 0.837469
1776785644.139722 0.974572 -0.306291 -0.146671 0.843809
1776785644.244430 1.011863 -0.303444 -0.148368 0.840121
1776785644.357076 1.032358 -0.312857 -0.152552 0.799634
1776785644.460757 1.070650 -0.318292 -0.151262 0.845197
1776785644.564750 1.092564 -0.327909 -0.153909 0.809292
1776785644.664955 1.125282 -0.332144 -0.155208 0.831516
1776785644.768520 1.154924 -0.333599 -0.158873 0.810224
1776785644.878128 1.186442 -0.341537 -0.162883 0.773024
1776785644.978410 1.216395 -0.343763 -0.167918 0.772728
1776785645.083081 1.247048 -0.352870 -0.173785 0.790750
1776785645.187705 1.278803 -0.358326 -0.179228 0.761519
1776785645.291410 1.310943 -0.364123 -0.180935 0.818486
1776785645.403001 1.344487 -0.370844 -0.184608 0.800870
1776785645.504959 1.372918 -0.373561 -0.189457 0.797926
1776785645.609767 1.406120 -0.380920 -0.194251 0.816097
1776785645.714020 1.440639 -0.387614 -0.199412 0.814350
1776785645.814777 1.469396 -0.396754 -0.204268 0.792583
1776785645.919707 1.502017 -0.403765 -0.206073 0.826956
1776785646.024199 1.535048 -0.407447 -0.209446 0.811684
1776785646.128081 1.559966 -0.412455 -0.214673 0.765990
1776785646.231631 1.597598 -0.415682 -0.216476 0.808838
1776785646.339118 1.619637 -0.430343 -0.227407 0.766114
1776785646.440854 1.645403 -0.433704 -0.287426 0.721186
1776785646.547129 1.656976 -0.453287 -0.361271 0.700325
1776785646.651616 1.684367 -0.472485 -0.433027 0.753086
1776785646.755294 1.705920 -0.496857 -0.498230 0.723744
1776785646.859689 1.722917 -0.516264 -0.555274 0.737253
1776785646.968663 1.740247 -0.530126 -0.618997 0.747547
1776785647.068923 1.764484 -0.552025 -0.682309 0.775010
1776785647.173309 1.772360 -0.572454 -0.736075 0.790640
1776785647.283028 1.784973 -0.597979 -0.801500 0.728394
1776785647.387476 1.796053 -0.616477 -0.865231 0.746754
1776785647.487810 1.805694 -0.637637 -0.929622 0.743084
1776785647.596651 1.817395 -0.660980 -0.994670 0.732083
1776785647.696318 1.835009 -0.654939 -1.065422 0.720245
1776785647.799798 1.851263 -0.688494 -1.115339 0.762781
1776785647.905914 1.863415 -0.718556 -1.133363 0.790351
1776785648.009000 1.874824 -0.739742 -1.144947 0.769263
1776785648.112317 1.880001 -0.771380 -1.156996 0.822500
1776785648.215869 1.898522 -0.799582 -1.172671 0.777479
1776785648.320164 1.905150 -0.837174 -1.184383 0.821562
1776785648.424592 1.919750 -0.870802 -1.201074 0.857836
1776785648.534087 1.922418 -0.893568 -1.231890 0.787202
1776785648.641761 1.920697 -0.921145 -1.300778 0.785102
1776785648.740235 1.924691 -0.955012 -1.387051 0.793311
1776785648.846070 1.932824 -1.002024 -1.451301 0.856280
1776785648.948325 1.935344 -1.043172 -1.472095 0.871096
1776785649.061892 1.944029 -1.078877 -1.487987 0.846137
1776785649.158144 1.942527 -1.118941 -1.498863 0.843268
1776785649.266090 1.945314 -1.162310 -1.502474 0.861411
1776785649.362609 1.957564 -1.207680 -1.464860 0.805227
1776785649.466414 1.980155 -1.231245 -1.400319 0.730689
1776785649.577323 1.996559 -1.269668 -1.341273 0.762886
1776785649.672737 2.002563 -1.297235 -1.280587 0.758272
1776785649.783195 2.030491 -1.334676 -1.221277 0.737022
1776785649.879743 2.037598 -1.358303 -1.160146 0.715980
1776785649.987202 2.070776 -1.378087 -1.104037 0.706234
1776785650.088241 2.089099 -1.409862 -1.045775 0.712846
1776785650.192742 2.106840 -1.435830 -0.988863 0.696869
1776785650.296849 2.121820 -1.457976 -0.938914 0.703203
1776785650.401787 2.148213 -1.480961 -0.889279 0.720758
1776785650.506763 2.169346 -1.505546 -0.841639 0.726323
1776785650.611816 2.191306 -1.516053 -0.787804 0.726647
1776785650.720088 2.213400 -1.538606 -0.737288 0.746984
1776785650.820246 2.235208 -1.556901 -0.687695 0.771115
1776785650.925418 2.262396 -1.572786 -0.642912 0.780759
1776785651.029655 2.285459 -1.590410 -0.595077 0.767109
1776785651.132794 2.306853 -1.601544 -0.547576 0.779438
1776785651.241450 2.335516 -1.609666 -0.499404 0.782790
1776785651.341471 2.357933 -1.618314 -0.455280 0.739622
1776785651.446207 2.388176 -1.629176 -0.399093 0.791385
1776785651.550346 2.412095 -1.636511 -0.351927 0.794892
1776785651.654728 2.443916 -1.644771 -0.301373 0.826518
1776785651.759719 2.468664 -1.651982 -0.254819 0.782483
1776785651.873289 2.497492 -1.654673 -0.205835 0.791956
1776785651.968426 2.523753 -1.655964 -0.155699 0.795591
1776785652.072086 2.548621 -1.652777 -0.106129 0.778214
1776785652.182893 2.579460 -1.649790 -0.059010 0.804187
1776785652.284794 2.606361 -1.649734 -0.008676 0.785027
1776785652.389127 2.637670 -1.639818 0.039151 0.797418
1776785652.496320 2.678361 -1.621320 0.039269 0.778334
1776785652.597280 2.723099 -1.610175 0.036986 0.786556
1776785652.701875 2.742947 -1.618266 0.038093 0.755581
1776785652.809400 2.779788 -1.617081 0.010617 0.757312
1776785652.920717 2.811899 -1.635998 -0.061412 0.704366
1776785653.018229 2.861506 -1.628383 -0.152248 0.774780
1776785653.123742 2.899508 -1.648241 -0.186460 0.761325
1776785653.227487 2.930653 -1.660852 -0.202325 0.766491
1776785653.331146 2.971670 -1.670254 -0.221929 0.793657
1776785653.434395 3.013577 -1.675920 -0.237878 0.819209
1776785653.540494 3.061526 -1.689654 -0.250728 0.830095
1776785653.646005 3.113777 -1.688507 -0.227095 0.732172
1776785653.745153 3.155521 -1.687489 -0.159019 0.733994
1776785653.853782 3.192306 -1.680872 -0.090277 0.745581
1776785653.952393 3.224525 -1.682097 -0.027024 0.754153
1776785654.058762 3.259314 -1.674271 0.002393 0.796287
1776785654.163024 3.297168 -1.671268 -0.000059 0.797293
1776785654.266999 3.337326 -1.673568 -0.002706 0.811731
1776785654.371977 3.374065 -1.684181 -0.000055 0.807969
1776785654.477289 3.418552 -1.683418 -0.003075 0.829311
1776785654.581694 3.466345 -1.667574 -0.008130 0.822470
1776785654.686086 3.516280 -1.655420 0.034622 0.799707
1776785654.790857 3.560096 -1.646761 0.106876 0.808005
1776785654.891755 3.584228 -1.635168 0.164779 0.805300
1776785654.999647 3.625077 -1.632944 0.182674 0.814760
1776785655.105093 3.663246 -1.629501 0.181953 0.832150
1776785655.210433 3.702304 -1.618410 0.172294 0.803899
1776785655.315911 3.747954 -1.613531 0.167864 0.803913
1776785655.422114 3.788311 -1.604055 0.165703 0.821091
1776785655.530602 3.828022 -1.596915 0.163009 0.835977
1776785655.630884 3.874488 -1.586951 0.158637 0.867283
1776785655.735183 3.922329 -1.577439 0.154309 0.865135
1776785655.847858 3.968386 -1.569345 0.152276 0.857842
1776785655.944777 4.013074 -1.554048 0.148019 0.835635
1776785656.050298 4.060349 -1.542400 0.140875 0.770555
1776785656.153825 4.104583 -1.539410 0.134762 0.799130
1776785656.263873 4.156494 -1.533598 0.130284 0.821725
1776785656.364582 4.201219 -1.526091 0.125613 0.829235
1776785656.468756 4.254314 -1.515706 0.121650 0.830625
1776785656.573947 4.304062 -1.505136 0.119272 0.877451
1776785656.675873 4.370422 -1.470974 0.154946 0.784068
1776785656.778066 4.413399 -1.452446 0.238542 0.814688
1776785656.886966 4.446337 -1.435116 0.315469 0.786267
1776785656.998006 4.483625 -1.414637 0.384615 0.783967
1776785657.097257 4.506230 -1.404275 0.446755 0.804217
1776785657.209177 4.537352 -1.376354 0.505019 0.772226
1776785657.310696 4.555430 -1.361947 0.560137 0.758658
1776785657.411638 4.574542 -1.336501 0.612343 0.792395
1776785657.521503 4.594712 -1.312414 0.665090 0.791810
1776785657.623941 4.609705 -1.292880 0.715592 0.789308
1776785657.727737 4.623416 -1.267504 0.767404 0.807822
1776785657.832135 4.636731 -1.248067 0.815051 0.792889
1776785657.943193 4.654812 -1.223475 0.867256 0.813548
1776785658.046095 4.657882 -1.207441 0.910883 0.815469
1776785658.146073 4.667595 -1.185371 0.957850 0.816540
1776785658.258125 4.674856 -1.167137 1.004213 0.792357
1776785658.355595 4.680859 -1.145347 1.044336 0.807827
1776785658.459399 4.686162 -1.124547 1.082907 0.791726
1776785658.567448 4.692332 -1.103652 1.121404 0.786455
1776785658.667448 4.698353 -1.080169 1.154216 0.803285
1776785658.779961 4.701183 -1.032171 1.186436 0.784153
1776785658.880054 4.703338 -1.014847 1.237684 0.815675
1776785658.981378 4.708159 -0.993163 1.284414 0.755319
1776785659.084298 4.705045 -0.970319 1.329780 0.775116
1776785659.189045 4.701493 -0.950474 1.376109 0.758352
1776785659.294302 4.697399 -0.917675 1.411257 0.794602
1776785659.398516 4.707899 -0.895732 1.433058 0.763279
1776785659.507172 4.698341 -0.865157 1.427018 0.779341
1776785659.607178 4.698648 -0.824303 1.422570 0.834600
1776785659.711738 4.700701 -0.791751 1.423260 0.793154
1776785659.817945 4.711501 -0.745565 1.415871 0.794459
1776785659.921237 4.709829 -0.692942 1.425177 0.809949
1776785660.031400 4.708431 -0.636075 1.484614 0.790209
1776785660.129199 4.689177 -0.600489 1.556401 0.806227
1776785660.232748 4.685285 -0.566980 1.626016 0.804917
1776785660.338128 4.666100 -0.542703 1.692961 0.816455
1776785660.443393 4.661362 -0.524164 1.733610 0.791214
1776785660.548902 4.659305 -0.480696 1.732452 0.846319
1776785660.654609 4.645807 -0.463653 1.736845 0.827661
1776785660.759756 4.635853 -0.426957 1.738065 0.820159
1776785660.868858 4.624824 -0.394102 1.734349 0.819886
1776785660.968694 4.613871 -0.358360 1.730870 0.836061
1776785661.072437 4.606971 -0.316032 1.727221 0.858672
1776785661.176358 4.592385 -0.281784 1.724322 0.827804
1776785661.281408 4.587233 -0.242640 1.724493 0.846571
1776785661.385334 4.572709 -0.205930 1.721848 0.832897
1776785661.491266 4.564762 -0.159197 1.719536 0.798348
1776785661.592580 4.553864 -0.120023 1.710169 0.833016
1776785661.703633 4.546917 -0.073206 1.707849 0.858943
1776785661.799435 4.538077 -0.022266 1.699452 0.814989
1776785661.908242 4.521843 0.018849 1.697424 0.824658
1776785662.008015 4.524970 0.069468 1.687706 0.825272
1776785662.112675 4.527743 0.113858 1.623814 0.709819
1776785662.217458 4.525546 0.147154 1.530298 0.753704
1776785662.322119 4.532697 0.187002 1.432088 0.784070
1776785662.425848 4.537428 0.217329 1.364130 0.802535
1776785662.528407 4.542951 0.263462 1.331947 0.884493
1776785662.631111 4.556510 0.304140 1.315957 0.854145
1776785662.733728 4.552720 0.333591 1.297312 0.834688
1776785662.837140 4.561612 0.376898 1.280678 0.863409
1776785662.941528 4.576617 0.400626 1.243747 0.799921
1776785663.045538 4.583060 0.432747 1.179497 0.798979
1776785663.154227 4.598858 0.461628 1.109842 0.818334
1776785663.261174 4.617681 0.498332 1.034648 0.805642
1776785663.357117 4.640602 0.510215 0.974962 0.780488
1776785663.466313 4.657337 0.542131 0.904635 0.788780
1776785663.571194 4.676384 0.567223 0.843400 0.767955
1776785663.670096 4.695272 0.583542 0.779349 0.800418
1776785663.773887 4.719036 0.594139 0.716367 0.823530
1776785663.879117 4.746231 0.616678 0.642266 0.821584
1776785663.982625 4.767749 0.621171 0.572729 0.808697
1776785664.091039 4.820036 0.671020 0.479470 0.824505
1776785664.190402 4.828830 0.663129 0.413882 0.812471
1776785664.295528 4.861219 0.660037 0.333261 0.799097
1776785664.398203 4.884159 0.652257 0.256012 0.797622
1776785664.501138 4.924961 0.664347 0.176277 0.812647
1776785664.604606 4.942283 0.657378 0.113581 0.774519
1776785664.707958 4.996364 0.687463 0.047758 0.822352
1776785664.811142 5.022003 0.678166 0.028145 0.800543
1776785664.915761 5.064249 0.707442 0.010592 0.801537
1776785665.018589 5.096282 0.697116 -0.002552 0.848088
1776785665.122445 5.141822 0.698409 -0.016677 0.845343
1776785665.227117 5.181851 0.690808 -0.032415 0.888139
1776785665.329745 5.214103 0.690152 -0.045417 0.876211
1776785665.433641 5.254308 0.691019 -0.059038 0.869816
1776785665.541613 5.293876 0.682530 -0.073925 0.846262
1776785665.650961 5.341962 0.685292 -0.094486 0.820666
1776785665.745716 5.388536 0.674920 -0.115458 0.822688
1776785665.850602 5.440302 0.675643 -0.145646 0.818318
1776785665.961746 5.500560 0.676212 -0.216024 0.799468
1776785666.060028 5.523899 0.649614 -0.271004 0.815206
1776785666.163347 5.565380 0.634017 -0.289757 0.806001
1776785666.266564 5.617442 0.637993 -0.320259 0.790546
1776785666.377448 5.658175 0.611217 -0.327161 0.828429
1776785666.472338 5.713050 0.622636 -0.295514 0.779852
1776785666.576319 5.779269 0.638104 -0.223555 0.704246
1776785666.680265 5.816895 0.636842 -0.154237 0.767319
1776785666.793304 5.857007 0.620549 -0.120050 0.808430
1776785666.894742 5.891145 0.605815 -0.110621 0.838202
1776785666.998651 5.939133 0.600555 -0.112119 0.860531
1776785667.099431 5.983388 0.594851 -0.115306 0.862856
1776785667.202667 6.029872 0.590157 -0.117675 0.898839
1776785667.307536 6.075808 0.588473 -0.116645 0.902034
1776785667.420596 6.119454 0.578897 -0.116428 0.846793
1776785667.516124 6.165087 0.575441 -0.121660 0.847088
1776785667.630559 6.225584 0.574362 -0.121485 0.775905
1776785667.722815 6.275269 0.580743 -0.073000 0.722824
1776785667.826935 6.319189 0.584919 -0.000331 0.744313
1776785667.931261 6.359814 0.576606 0.018516 0.805683
1776785668.040187 6.408496 0.575727 0.018107 0.845668
1776785668.148597 6.446923 0.581259 0.013156 0.855524
1776785668.245270 6.499475 0.581507 0.010478 0.875258
1776785668.349892 6.544529 0.583994 0.006279 0.860386
1776785668.454299 6.594240 0.586479 0.002115 0.851496
1776785668.558419 6.641560 0.584991 -0.003933 0.836311
1776785668.665939 6.699398 0.598944 -0.018902 0.800916
1776785668.766280 6.741000 0.583826 -0.015217 0.769184
1776785668.878511 6.785593 0.588641 -0.016107 0.773612
1776785668.973477 6.831649 0.591328 -0.021455 0.790618
1776785669.083649 6.891300 0.610521 -0.003574 0.789907
1776785669.182139 6.939532 0.604936 0.004680 0.766185
1776785669.293084 6.979582 0.607279 0.005185 0.775987
1776785669.390472 7.024642 0.601764 0.002443 0.789614
1776785669.495084 7.114218 0.617742 -0.014289 0.762746
1776785669.602947 7.152084 0.615470 -0.019315 0.766395
1776785669.702321 7.192709 0.615698 -0.017946 0.808518
1776785669.807173 7.237780 0.615867 -0.016934 0.794381
1776785669.911822 7.290165 0.617836 -0.021954 0.817138
1776785670.018794 7.349385 0.613832 -0.025497 0.831237
1776785670.121499 7.395402 0.617305 -0.025838 0.827527
1776785670.229830 7.440470 0.615534 -0.030293 0.821507
1776785670.330880 7.498295 0.612026 -0.034719 0.807077
1776785670.434735 7.552338 0.613186 -0.037424 0.809172
1776785670.538185 7.596590 0.618130 -0.038323 0.806349
1776785670.650484 7.652486 0.612041 -0.043223 0.783890
1776785670.747599 7.708628 0.610112 -0.049061 0.788119
1776785670.851990 7.764827 0.613232 -0.052631 0.765207
1776785670.956650 7.822324 0.617502 -0.066403 0.777082
1776785671.060956 7.872780 0.609528 -0.063449 0.791277
1776785671.171964 7.923701 0.606737 -0.074418 0.793900
1776785671.270953 7.967340 0.607728 -0.100618 0.831241
1776785671.377155 8.046034 0.609128 -0.200358 0.739496
1776785671.491322 8.078343 0.584223 -0.314329 0.723980
1776785671.592832 8.122152 0.551328 -0.430735 0.797711
1776785671.699267 8.163745 0.520895 -0.539440 0.770965
1776785671.797505 8.191181 0.496071 -0.649072 0.780615
1776785671.907368 8.223231 0.467324 -0.749481 0.783255
1776785672.004594 8.244798 0.428233 -0.830238 0.801327
1776785672.108023 8.280482 0.395728 -0.926361 0.763080
1776785672.211930 8.284512 0.360683 -1.015656 0.791811
1776785672.315493 8.295145 0.321539 -1.109690 0.798511
1776785672.419965 8.300176 0.289343 -1.203216 0.829851
1776785672.522753 8.316198 0.251113 -1.303937 0.808383
1776785672.631005 8.309166 0.210675 -1.398692 0.844442
1776785672.734288 8.314737 0.177323 -1.495589 0.811405
1776785672.834051 8.316204 0.143389 -1.591101 0.793311
1776785672.945300 8.313038 0.107720 -1.677294 0.827469
1776785673.039603 8.294149 0.069992 -1.753927 0.843272
1776785673.145925 8.285767 0.036147 -1.842616 0.805360
1776785673.250115 8.283878 0.005918 -1.950792 0.800975
1776785673.356021 8.256035 -0.043511 -1.994166 0.808500
1776785673.452102 8.232728 -0.088873 -2.001536 0.818216
1776785673.561841 8.219466 -0.127672 -2.006570 0.811845
1776785673.659971 8.200541 -0.172418 -1.973503 0.790769
1776785673.763568 8.193483 -0.210209 -1.910323 0.799984
1776785673.866850 8.192544 -0.251209 -1.850525 0.836423
1776785673.965125 8.186526 -0.278463 -1.797062 0.782937
1776785674.072994 8.188162 -0.316449 -1.790274 0.838752
1776785674.179897 8.184326 -0.355561 -1.794229 0.853961
1776785674.284700 8.175892 -0.398899 -1.791569 0.807843
1776785674.389148 8.167071 -0.452228 -1.796798 0.784678
1776785674.494343 8.152724 -0.499610 -1.795273 0.794908
1776785674.595088 8.148978 -0.543957 -1.802819 0.794601
1776785674.705716 8.131992 -0.593926 -1.805284 0.777595
1776785674.804088 8.124599 -0.644984 -1.812182 0.773825
1776785674.909475 8.113486 -0.693632 -1.811730 0.802606
1776785675.015443 8.099584 -0.735711 -1.818908 0.801898
1776785675.117561 8.089384 -0.786924 -1.819816 0.788500
1776785675.226736 8.082961 -0.832054 -1.834024 0.803833
1776785675.327404 8.061003 -0.887046 -1.836682 0.784641
1776785675.433494 8.033964 -0.923037 -1.888195 0.803087
1776785675.539379 8.052137 -0.943616 -1.978247 0.766322
1776785675.645369 8.018809 -0.987709 -2.089806 0.783043
1776785675.759639 7.960990 -1.028973 -2.209639 0.773919
1776785675.856275 7.927419 -1.055197 -2.316840 0.731675
1776785675.960818 7.900414 -1.084543 -2.410796 0.699847
1776785676.063245 7.886836 -1.092395 -2.500808 0.702092
1776785676.166976 7.846616 -1.127331 -2.551195 0.790442
1776785676.269236 7.816392 -1.154018 -2.587750 0.721452
1776785676.375413 7.784474 -1.170881 -2.604473 0.754490
1776785676.475890 7.745335 -1.201871 -2.615118 0.754739
1776785676.580345 7.711038 -1.226155 -2.625140 0.769592
1776785676.683251 7.673843 -1.251586 -2.638027 0.770035
1776785676.787488 7.638281 -1.273637 -2.650234 0.765749
1776785676.899520 7.595154 -1.302858 -2.665109 0.751009
1776785677.005138 7.555219 -1.326138 -2.683584 0.769528
1776785677.103813 7.511607 -1.356149 -2.697932 0.727656
1776785677.203763 7.477139 -1.357873 -2.726693 0.725761
1776785677.315129 7.433124 -1.391424 -2.743582 0.706487
1776785677.411660 7.379812 -1.417581 -2.761846 0.677246
1776785677.516766 7.367723 -1.416901 -2.788459 0.679830
1776785677.621162 7.312757 -1.449844 -2.807573 0.701847
1776785677.726128 7.272066 -1.450013 -2.872808 0.679032
1776785677.832251 7.232804 -1.458062 -2.990258 0.683847
1776785677.933868 7.179003 -1.465483 -3.100260 0.694104
1776785678.039623 7.137610 -1.455150 3.085903 0.740700
1776785678.142829 7.085421 -1.461964 2.970892 0.728119
1776785678.246638 7.019892 -1.459723 2.912375 0.773390
1776785678.349934 6.969849 -1.453978 2.890291 0.800764
1776785678.453303 6.923406 -1.444253 2.870839 0.826488
1776785678.556506 6.870658 -1.436850 2.851431 0.851808
1776785678.661534 6.819639 -1.426359 2.833470 0.781954
1776785678.766808 6.770750 -1.413763 2.812889 0.774797
1776785678.875467 6.709925 -1.402268 2.823179 0.767965
1776785678.976934 6.653451 -1.393543 2.891398 0.743306
1776785679.083182 6.598920 -1.395058 2.969238 0.769917
1776785679.178850 6.548807 -1.402526 3.038706 0.788670
1776785679.288739 6.511825 -1.409899 3.104739 0.768509
1776785679.391003 6.472341 -1.420319 -3.111222 0.781659
1776785679.490803 6.435932 -1.433126 -3.053738 0.765231
1776785679.594594 6.400328 -1.444737 -2.993392 0.739673
1776785679.700675 6.384536 -1.452182 -2.935406 0.747156
1776785679.802200 6.338085 -1.473166 -2.884611 0.742851
1776785679.911297 6.339120 -1.494388 -2.845857 0.739346
1776785680.012515 6.289506 -1.515905 -2.785758 0.734091
1776785680.116524 6.255031 -1.528409 -2.737167 0.760535
1776785680.226652 6.233972 -1.554019 -2.688540 0.798125
1776785680.326916 6.194507 -1.571521 -2.642248 0.765697
1776785680.435730 6.183515 -1.599930 -2.595400 0.777182
1776785680.534079 6.176368 -1.615189 -2.558742 0.776891
1776785680.645664 6.144059 -1.634698 -2.505538 0.746489
1776785680.743156 6.110385 -1.655619 -2.458478 0.738248
1776785680.847229 6.096081 -1.673255 -2.413478 0.737018
1776785680.952379 6.091558 -1.701477 -2.367751 0.742608
1776785681.060615 6.065433 -1.728194 -2.325625 0.738187
1776785681.160251 6.051372 -1.751147 -2.286505 0.741819
1776785681.264493 6.042883 -1.776202 -2.247478 0.741310
1776785681.374537 6.020885 -1.810299 -2.195363 0.723278
1776785681.478965 6.004629 -1.837343 -2.151036 0.771803
1776785681.578387 5.999825 -1.859552 -2.108117 0.802167
1776785681.687793 5.992989 -1.881068 -2.070572 0.770953
1776785681.792815 5.979717 -1.910946 -2.016578 0.768121
1776785681.897399 5.968812 -1.937464 -1.977604 0.745643
1776785681.997756 5.975647 -1.954937 -1.948526 0.768232
1776785682.102119 5.966786 -1.969315 -1.938925 0.810865
1776785682.206882 5.957702 -2.011206 -1.935453 0.797858
1776785682.311989 5.941025 -2.059560 -1.933714 0.812159
1776785682.422147 5.930652 -2.092211 -1.936823 0.849298
1776785682.521676 5.922093 -2.134297 -1.940687 0.802337
1776785682.625525 5.899843 -2.175214 -1.936766 0.800554
1776785682.730577 5.882926 -2.221813 -1.937379 0.809141
1776785682.834877 5.859421 -2.268156 -1.939792 0.828297
1776785682.939674 5.844510 -2.318337 -1.941713 0.856126
1776785683.048921 5.828580 -2.355056 -1.947730 0.842056
1776785683.155159 5.811046 -2.409386 -1.949689 0.833547
1776785683.254748 5.794079 -2.459246 -1.947047 0.823891
1776785683.359800 5.781997 -2.503754 -1.941938 0.735493
1776785683.468180 5.786054 -2.545616 -1.944202 0.774930
1776785683.573851 5.766063 -2.575127 -1.957762 0.708811
1776785683.675936 5.742841 -2.634207 -1.958631 0.751820
1776785683.778723 5.741465 -2.643586 -1.956509 0.713135
1776785683.883256 5.719239 -2.675738 -1.962042 0.747780
1776785683.990091 5.710756 -2.698269 -1.964986 0.735106
1776785684.095514 5.694624 -2.732613 -1.966538 0.803476
1776785684.197666 5.687013 -2.772554 -1.964986 0.816345
1776785684.304701 5.676386 -2.811450 -1.967424 0.851093
1776785684.407965 5.657592 -2.844439 -1.970425 0.815171
1776785684.509548 5.635426 -2.883011 -1.977702 0.847585
1776785684.614742 5.623855 -2.894922 -1.999172 0.804382
1776785684.721324 5.607505 -2.914684 -2.068301 0.798950
1776785684.826302 5.568775 -2.955005 -2.170169 0.813531
1776785684.930612 5.543862 -2.986109 -2.262813 0.812135
1776785685.039260 5.512559 -3.009552 -2.352217 0.797626
1776785685.138461 5.483463 -3.033555 -2.447219 0.761076
1776785685.244381 5.452569 -3.047632 -2.539862 0.720486
1776785685.347488 5.421489 -3.064431 -2.677024 0.715232
1776785685.451257 5.386031 -3.070211 -2.754264 0.716457
1776785685.562626 5.346139 -3.088253 -2.845153 0.719415
1776785685.657070 5.307032 -3.102949 -2.905149 0.794557
1776785685.764289 5.262182 -3.104069 -2.949574 0.818175
1776785685.867690 5.223984 -3.115742 -2.958875 0.726595
1776785685.970903 5.182565 -3.129072 -2.977050 0.718682
1776785686.076558 5.143302 -3.143895 -2.981521 0.698981
1776785686.181342 5.097572 -3.149456 -3.000172 0.727264
1776785686.278065 5.050016 -3.144906 -3.025927 0.709385
1776785686.382467 4.997592 -3.098237 -3.097997 0.650750
1776785686.490637 4.955913 -3.163578 3.131159 0.624980
1776785686.593120 4.907304 -3.163218 3.050541 0.641680
1776785686.696656 4.871748 -3.153470 2.960097 0.634813
1776785686.800720 4.824745 -3.135806 2.876746 0.614886
1776785686.908655 4.789863 -3.119324 2.799826 0.589800
1776785687.007847 4.786512 -3.038790 2.719552 0.587499
1776785687.121509 4.719973 -3.084912 2.660942 0.589985
1776785687.216668 4.704203 -3.084210 2.589149 0.544406
1776785687.320821 5.118265 -2.890338 2.543409 0.612694
1776785687.429769 4.665358 -3.036749 2.408373 0.575532
1776785687.529675 4.652238 -3.038772 2.337215 0.525361
1776785687.634091 4.623971 -2.895267 2.200560 0.504015
1776785687.743388 4.590980 -2.853681 2.086315 0.553070
1776785687.847409 4.588430 -2.940503 2.057017 0.542806
1776785687.946832 4.581329 -2.910928 1.972086 0.545518
1776785688.055240 4.565314 -2.865225 1.876918 0.556274
1776785688.154843 4.560905 -2.833943 1.792535 0.563217
1776785688.258579 4.612314 -2.653947 1.631331 0.533119
1776785688.362137 4.566306 -2.754993 1.640614 0.568163
1776785688.468560 4.558992 -2.709216 1.622887 0.573820
1776785688.567767 4.555229 -2.676347 1.606043 0.571028
1776785688.675104 4.548588 -2.623715 1.584045 0.586574
1776785688.774581 5.008592 -2.385793 1.580637 0.543887
1776785688.879114 4.552947 -2.540704 1.549581 0.558902
1776785688.982343 4.996786 -2.290567 1.549478 0.567715
1776785689.087001 4.547899 -2.323882 1.476871 0.544210
1776785689.195846 4.567794 -2.279570 1.444335 0.579108
1776785689.297869 5.006130 -2.128031 1.492702 0.606079
1776785689.403088 4.541097 -2.170504 1.404658 0.586803
1776785689.511851 4.591846 -2.122077 1.385102 0.591956
1776785689.607954 4.543304 -2.077854 1.367005 0.563681
1776785689.712288 4.607620 -2.025762 1.346898 0.570331
1776785689.818931 4.597176 -1.974336 1.332650 0.562295
1776785689.921283 4.735744 -1.922899 1.335560 0.536856
1776785690.026285 5.048282 -1.773045 1.363214 0.596563
1776785690.133349 4.885931 -1.789168 1.306349 0.546819
1776785690.233387 4.771528 -1.781368 1.277033 0.537848
1776785690.337869 4.936645 -1.690149 1.279386 0.539004
1776785690.448797 4.937393 -1.654652 1.239637 0.546339
1776785690.546948 4.681999 -1.631313 1.204211 0.540515
1776785690.651637 4.750554 -1.582523 1.197126 0.557958
1776785690.756808 4.717277 -1.547154 1.163776 0.554764
1776785690.868012 4.825930 -1.495414 1.156287 0.555331
1776785690.965785 4.827103 -1.447369 1.127717 0.569933
1776785691.068816 4.869996 -1.400422 1.115963 0.583058
1776785691.173295 4.829792 -1.353554 1.087458 0.592808
1776785691.277161 4.930421 -1.304497 1.066434 0.603097
1776785691.386657 4.919390 -1.266760 1.059084 0.574053
1776785691.488847 4.960939 -1.225212 1.051059 0.566280
1776785691.589979 4.907949 -1.176448 1.027180 0.551712
1776785691.693287 4.988198 -1.119684 1.097114 0.591596
1776785691.796120 5.001911 -1.066409 1.161044 0.566004
1776785691.903142 5.020688 -1.028989 1.233719 0.584119
1776785692.005287 5.021059 -0.999379 1.249370 0.578603
1776785692.110894 5.026326 -0.948996 1.245288 0.619272
1776785692.222677 4.983680 -0.909452 1.197195 0.554018
1776785692.321478 4.987127 -0.918173 1.111621 0.515193
1776785692.427009 4.946932 -0.915299 1.099531 0.498650
1776785692.531520 5.011750 -0.870611 0.897160 0.506832
1776785692.636260 5.045772 -0.831158 0.782563 0.512689
1776785692.743621 5.107442 -0.794766 0.668296 0.543056
1776785692.846416 5.116937 -0.787097 0.551665 0.545667
1776785692.951081 5.258201 -0.711269 0.434650 0.559914
1776785693.061746 5.271655 -0.706794 0.357853 0.565689
1776785693.159610 5.326154 -0.691602 0.221246 0.609836
1776785693.261740 5.276108 -0.747239 0.187407 0.595818
1776785693.369251 5.356188 -0.704419 0.148683 0.625752
1776785693.468296 5.401734 -0.695069 0.129113 0.594216
1776785693.577742 5.448951 -0.690220 0.111469 0.588630
1776785693.674831 5.483840 -0.705686 0.104829 0.599106
1776785693.777436 5.581895 -0.656888 0.131571 0.582751
1776785693.880617 5.553016 -0.685003 0.129367 0.621508
1776785693.989428 5.608755 -0.684122 0.120527 0.647084
1776785694.088444 5.663913 -0.665349 0.108788 0.620921
1776785694.192508 5.687470 -0.651817 0.107389 0.611729
1776785694.296555 5.744301 -0.633164 0.092511 0.620958
1776785694.398590 5.797086 -0.635318 0.087366 0.608926
1776785694.509773 5.835673 -0.636629 0.080254 0.579602
1776785694.607336 6.064326 -0.581368 0.163750 0.581691
1776785694.710708 6.068897 -0.563796 0.244313 0.579984
1776785694.813046 5.938948 -0.544875 0.250541 0.612597
1776785694.917555 6.068622 -0.545806 0.213661 0.581250
1776785695.022485 6.121121 -0.513358 0.218382 0.607156
1776785695.128673 6.203278 -0.506100 0.152987 0.627676
1776785695.233134 6.205243 -0.508212 0.075407 0.611756
1776785695.338280 6.230295 -0.515582 -0.019007 0.587984
1776785695.447780 6.333469 -0.498047 -0.102419 0.592374
1776785695.552313 6.251878 -0.540222 -0.198825 0.558885
1776785695.651242 6.327230 -0.563158 -0.308130 0.573659
1776785695.755440 6.360393 -0.572255 -0.387141 0.599792
1776785695.859643 6.410300 -0.588964 -0.450267 0.595587
1776785695.962394 6.432702 -0.574857 -0.458760 0.579030
1776785696.069865 6.531859 -0.594920 -0.494922 0.600764
1776785696.171539 6.592173 -0.605392 -0.525284 0.583893
1776785696.273234 6.634649 -0.649245 -0.544496 0.614568
1776785696.379680 6.623255 -0.657357 -0.547429 0.626115
1776785696.481895 6.773123 -0.653822 -0.588316 0.591654
1776785696.587082 6.673716 -0.751085 -0.715042 0.612457
1776785696.695181 6.708107 -0.784994 -0.837275 0.605081
1776785696.797899 6.792384 -0.783524 -0.933103 0.599554
1776785696.901916 6.749491 -0.840930 -1.015436 0.585800
1776785697.009960 6.761008 -0.878925 -1.094829 0.612435
1776785697.110736 6.783725 -0.918641 -1.176788 0.616189
1776785697.214912 6.794468 -0.959691 -1.253142 0.602871
1776785697.319975 6.799754 -0.995056 -1.342051 0.593050
1776785697.423621 6.841795 -1.014848 -1.434607 0.614136
1776785697.534063 6.835023 -1.067945 -1.517694 0.638334
1776785697.632393 6.793345 -1.098795 -1.616388 0.601970
1776785697.740152 6.834649 -1.140440 -1.681437 0.649504
1776785697.840257 6.832635 -1.181374 -1.697639 0.658043
1776785697.943600 6.829204 -1.220126 -1.716113 0.644664
1776785698.052432 6.794564 -1.266507 -1.728653 0.599371
1776785698.153645 6.775499 -1.302776 -1.794594 0.579331
1776785698.258118 6.819042 -1.324869 -1.898805 0.609134
1776785698.362592 6.751817 -1.432027 -2.004949 0.634966
1776785698.466683 6.724679 -1.461408 -2.068083 0.645006
1776785698.571139 6.701607 -1.460056 -2.085829 0.679664
1776785698.674352 6.741163 -1.452747 -2.206526 0.665137
1776785698.781827 6.602604 -1.457612 -2.290953 0.611911
1776785698.890648 6.682205 -1.505728 -2.412798 0.650070
1776785698.998903 6.603234 -1.559942 -2.540856 0.703631
1776785699.094904 6.577146 -1.565704 -2.650726 0.695001
1776785699.199240 6.517062 -1.608566 -2.778602 0.711361
1776785699.303898 6.462130 -1.613991 -2.885891 0.683883
1776785699.414389 6.419681 -1.624966 -3.000316 0.737761
1776785699.513754 6.374236 -1.624919 -3.099809 0.770066
1776785699.618221 6.329850 -1.615786 3.081447 0.679884
1776785699.725819 6.286698 -1.610036 2.978673 0.699981
1776785699.827490 6.279547 -1.588980 2.933454 0.805338
1776785699.934709 6.235133 -1.586187 2.912010 0.728831
1776785700.034689 6.161732 -1.575316 2.892394 0.692742
1776785700.137116 6.109677 -1.569721 2.872642 0.737689
1776785700.241563 6.061975 -1.563794 2.857246 0.691561
1776785700.352395 6.016880 -1.554732 2.869346 0.716849
1776785700.450113 5.993968 -1.544209 2.939507 0.714291
1776785700.559035 5.948637 -1.553939 3.008874 0.772862
1776785700.663032 5.906511 -1.557458 3.073325 0.747245
1776785700.762948 5.867321 -1.557575 3.124495 0.795920
1776785700.871432 5.822508 -1.564323 3.126438 0.740952
1776785700.979921 5.775983 -1.564828 3.125168 0.767598
1776785701.081813 5.730346 -1.567132 3.124241 0.752533
1776785701.182084 5.688647 -1.566512 3.112756 0.771943
1776785701.287583 5.652767 -1.559970 3.111554 0.739813
1776785701.396638 5.597685 -1.566844 3.097813 0.744005
1776785701.499649 5.547927 -1.557731 3.042823 0.683038
1776785701.602109 5.497811 -1.556641 3.015727 0.694250
1776785701.711039 5.446493 -1.553655 3.000290 0.667578
1776785701.812547 5.407137 -1.545195 2.977938 0.628328
1776785701.920992 5.352654 -1.533357 2.956018 0.661862
1776785702.024328 5.296575 -1.537338 2.936101 0.654672
1776785702.123322 5.244825 -1.518305 2.932657 0.601005
1776785702.227488 5.198960 -1.522604 2.963442 0.634554
1776785702.340431 5.156083 -1.516086 2.969531 0.650154
1776785702.442168 5.091050 -1.510482 2.962978 0.634450
1776785702.540682 5.090480 -1.513368 2.973725 0.565170
1776785702.641909 5.310633 -1.411210 3.007030 0.577898
1776785702.753547 4.950883 -1.497317 2.957240 0.595341
1776785702.855625 4.943982 -1.469957 2.962193 0.580136
1776785702.959403 4.844859 -1.464813 2.945017 0.588940
1776785703.063867 4.809764 -1.458911 2.957328 0.589667
1776785703.168020 4.750384 -1.453810 2.942070 0.585395
1776785703.278694 4.732105 -1.462669 2.941111 0.623062
1776785703.380435 4.657957 -1.450326 2.935268 0.584823
1776785703.486778 4.632939 -1.441336 2.938984 0.582021
1776785703.590001 4.579679 -1.436538 2.918466 0.622328
1776785703.694469 4.531725 -1.425978 2.918703 0.627462
1776785703.795084 4.811413 -1.335593 2.981420 0.600603
1776785703.906210 4.438008 -1.411637 2.909581 0.552274
1776785704.003277 4.718734 -1.335384 3.001003 0.534125
1776785704.106959 4.282986 -1.421952 2.986511 0.511540
1776785704.212405 4.655864 -1.359617 3.091713 0.583073
1776785704.320492 4.201120 -1.415416 3.035673 0.550323
1776785704.427485 4.605483 -1.341507 3.090543 0.600694
1776785704.526291 4.590947 -1.348251 3.089280 0.625258
1776785704.634091 4.581146 -1.347611 3.085858 0.620701
1776785704.733966 4.568611 -1.347293 3.089857 0.630198
1776785704.838540 4.567198 -1.354947 3.088685 0.633967
1776785704.942239 4.566623 -1.351504 3.087971 0.627716
1776785705.046295 4.556453 -1.355080 3.087414 0.642296
1776785705.150720 4.556453 -1.350552 3.089818 0.636316
1776785705.262222 4.550157 -1.358717 3.086967 0.662129
1776785705.359418 4.525488 -1.356315 3.082984 0.607379
1776785705.463303 4.510592 -1.356391 3.088607 0.605861
1776785705.572680 4.489306 -1.348709 3.087794 0.610662
1776785705.672485 4.459927 -1.360551 3.080983 0.610660
1776785705.777906 4.421136 -1.353212 3.077717 0.598853
1776785705.886925 4.391845 -1.363391 3.077372 0.564256
1776785705.987399 4.353469 -1.364885 3.075754 0.558465
1776785706.095743 4.312889 -1.358820 3.075397 0.543192
1776785706.198686 4.271653 -1.356880 3.076677 0.577232
1776785706.300277 4.238164 -1.352692 3.077406 0.587354
1776785706.406941 4.193172 -1.350976 3.073393 0.562261
1776785706.509352 4.146862 -1.348591 3.072047 0.604050
1776785706.617130 4.114672 -1.348697 3.067886 0.603307
1776785706.725784 4.064877 -1.345508 3.063806 0.562910
1776785706.823627 4.025198 -1.340615 3.058779 0.586004
1776785706.928252 3.986540 -1.338702 3.060931 0.579786
1776785707.033057 3.931918 -1.342714 3.059588 0.559568
1776785707.138201 3.896743 -1.336476 3.052957 0.565144
1776785707.243400 3.863045 -1.339920 3.045603 0.550763
1776785707.347996 3.812452 -1.337973 3.044684 0.538672
1776785707.459844 3.762696 -1.333054 3.042072 0.542310
1776785707.560420 3.705421 -1.341642 3.038769 0.544223
1776785707.669068 3.664699 -1.329444 3.036739 0.565417
1776785707.767553 3.613424 -1.331417 3.035101 0.537290
1776785707.878723 3.553042 -1.335869 3.034998 0.535356
1776785707.974683 3.452430 -1.340265 3.001825 0.559476
1776785708.081757 3.399573 -1.353458 2.981636 0.553092
1776785708.184161 3.352681 -1.340715 3.018367 0.534388
1776785708.304598 3.363140 -1.332174 3.021126 0.584940
1776785708.393550 3.306197 -1.325018 3.017756 0.601891
1776785708.497945 3.252512 -1.325397 3.013391 0.571992
1776785708.608014 3.134920 -1.332568 2.999633 0.538932
1776785708.707120 3.088438 -1.324732 2.997112 0.557976
1776785708.811447 3.027583 -1.326433 2.993031 0.574999
1776785708.921674 2.978425 -1.330023 2.989751 0.597898
1776785709.022376 2.930928 -1.324466 2.988092 0.569689
1776785709.125853 2.866586 -1.323337 2.985600 0.576438
1776785709.235771 2.821666 -1.316848 2.986745 0.580379
1776785709.334324 2.763380 -1.298882 2.980009 0.547686
1776785709.438689 2.705099 -1.292649 2.978701 0.529916
1776785709.543569 2.654206 -1.303387 2.977907 0.548992
1776785709.648068 2.601563 -1.277814 2.981573 0.531544
1776785709.753344 2.559050 -1.270458 2.942437 0.535520
1776785709.857343 2.514484 -1.261806 2.942651 0.526262
1776785709.962860 2.454485 -1.251214 2.943460 0.525861
1776785710.067171 2.399992 -1.231262 2.949834 0.512072
1776785710.172607 2.474181 -1.225250 2.945654 0.513005
1776785710.281079 2.463750 -1.246205 2.944924 0.498287
1776785710.381353 2.259561 -1.216239 2.917462 0.533025
1776785710.489750 2.212583 -1.206594 2.912462 0.505477
1776785710.589971 2.202844 -1.190660 2.920066 0.494131
1776785710.694374 2.121830 -1.187910 2.912540 0.534399
1776785710.801813 2.122869 -1.182317 2.923953 0.478935
1776785710.904202 2.123972 -1.169553 2.927702 0.493279
1776785711.011177 1.991875 -1.173007 2.851650 0.501241
1776785711.118095 2.132808 -1.119041 2.821634 0.503683
1776785711.219222 1.916424 -1.120652 2.662246 0.500220
1776785711.324212 1.914419 -1.173349 2.654439 0.475786
1776785711.428875 1.891158 -1.174141 2.650236 0.488572
1776785711.533100 1.903868 -1.156846 2.643601 0.492658
1776785711.637074 1.926279 -1.296231 2.663016 0.484633
1776785711.739706 1.910369 -1.307617 2.650519 0.485273
1776785711.843409 1.925793 -1.291143 2.654059 0.469587
1776785711.947404 1.987850 -1.332472 2.675635 0.476804
1776785712.055227 1.974724 -1.301857 2.671593 0.379710
1776785712.153843 1.942994 -1.272615 2.668698 0.387057
1776785712.257156 1.918673 -1.289388 2.667440 0.373963
1776785712.365813 1.939052 -1.388077 2.655273 0.422086
1776785712.470753 1.921980 -1.434885 2.659946 0.417023
1776785712.566967 1.840616 -1.462198 2.667001 0.437914
1776785712.670234 1.887044 -1.526986 2.697459 0.442665
1776785712.773776 1.862123 -1.477386 2.705930 0.450062
1776785712.881153 1.758028 -1.494085 2.677374 0.391868
1776785712.981280 1.750469 -1.508737 2.678112 0.442974
1776785713.085681 1.768429 -1.576588 2.666242 0.379116
1776785713.188210 1.812811 -1.614535 2.675787 0.452302
1776785713.294482 1.822355 -1.627354 2.664718 0.419672
1776785713.394623 1.798104 -1.624264 2.656772 0.381803
1776785713.497174 1.800107 -1.617068 2.665038 0.423859
1776785713.600439 1.769220 -1.658863 2.682653 0.422878
1776785713.701913 1.712262 -1.677564 2.676650 0.437296
1776785713.809660 1.657457 -1.711123 2.678910 0.428026
1776785713.909515 1.621950 -1.716723 2.686986 0.424753
1776785714.014326 1.617374 -1.702162 2.689336 0.436093
1776785714.118150 1.583976 -1.755911 2.692632 0.379874
1776785714.223381 1.494576 -1.862997 2.698965 0.388571
1776785714.333066 1.542683 -1.938020 2.716431 0.393147
1776785714.432431 1.498951 -1.987595 2.722496 0.436260
1776785714.537830 1.504101 -2.047041 2.737519 0.368543
1776785714.642210 1.497148 -2.063903 2.743098 0.397870
1776785714.746629 1.491621 -2.162895 2.735650 0.372583
1776785714.855762 1.453612 -2.231498 2.741398 0.401678
1776785714.955256 1.453504 -2.263143 2.740571 0.416790
1776785715.067230 1.470380 -2.280767 2.756298 0.409709
1776785715.164232 1.434564 -2.284769 2.785619 0.421334
1776785715.268113 1.361682 -2.250854 2.854267 0.414520
1776785715.372185 1.346728 -2.289830 2.876886 0.390237
1776785715.476660 1.308551 -2.346428 2.938352 0.407688
1776785715.588445 1.218024 -2.399467 2.932828 0.432866
1776785715.685692 1.259331 -2.416792 2.938701 0.439539
1776785715.790143 1.150623 -2.540950 2.916757 0.445188
1776785715.894251 1.058844 -2.703317 2.906219 0.444775
1776785716.002596 1.086761 -2.739426 2.900624 0.444303
1776785716.106965 0.898157 -2.830417 2.855916 0.456292
1776785716.207007 0.870365 -2.828111 2.883666 0.434680
1776785716.316437 0.839356 -2.791257 2.918624 0.425242
1776785716.415195 0.819788 -2.796976 2.975389 0.441920
1776785716.527345 0.778787 -2.794674 3.040107 0.405391
1776785716.625153 0.768766 -2.790195 3.070079 0.487918
1776785716.728379 0.744500 -2.785659 3.119615 0.459370
1776785716.838350 0.721032 -2.775735 -3.117770 0.529121
1776785716.935529 0.692043 -2.793251 -3.068440 0.554707
1776785717.039645 0.674637 -2.791151 -3.028736 0.530704
1776785717.148292 0.666690 -2.789249 -2.983953 0.557019
1776785717.251960 0.639076 -2.788761 -2.941323 0.553670
1776785717.352906 0.617384 -2.791570 -2.899808 0.591161
1776785717.457787 0.607552 -2.790708 -2.859963 0.643518
1776785717.562409 0.589914 -2.794959 -2.821627 0.630615
1776785717.666601 0.575488 -2.801074 -2.780723 0.633645
1776785717.782917 0.568125 -2.810069 -2.746324 0.676514
1776785717.875566 0.554565 -2.811900 -2.723025 0.675738
1776785717.981277 0.534622 -2.826731 -2.727835 0.625302
1776785718.085942 0.511628 -2.831284 -2.728711 0.633362
1776785718.190601 0.485317 -2.839132 -2.729103 0.632154
1776785718.296416 0.459538 -2.848439 -2.731668 0.658413
1776785718.400412 0.427261 -2.860126 -2.734441 0.695908
1776785718.504954 0.403097 -2.868183 -2.757000 0.636790
1776785718.617083 0.328951 -2.899990 -2.807754 0.593711
1776785718.717024 0.338846 -2.881301 -2.944208 0.608769
1776785718.821902 0.292665 -2.889628 -3.034909 0.629850
1776785718.929898 0.239603 -2.884326 -3.069002 0.674534
1776785719.030593 0.191705 -2.890286 -3.088404 0.690217
1776785719.139389 0.151652 -2.885622 -3.098420 0.698543
1776785719.235427 0.086315 -2.901691 -3.083650 0.679713
1776785719.338967 0.037135 -2.921416 -3.031306 0.628940
1776785719.450138 0.022569 -2.920553 -2.983975 0.695638
1776785719.545763 -0.018473 -2.914464 -2.972484 0.727647
1776785719.650709 -0.060882 -2.925168 -2.973747 0.785931
1776785719.759099 -0.102603 -2.932339 -2.978169 0.800379
1776785719.859121 -0.147708 -2.933784 -2.980403 0.820683
1776785719.966120 -0.186574 -2.941704 -2.984831 0.861732
1776785720.065922 -0.229521 -2.945198 -2.985678 0.851904
1776785720.169911 -0.276363 -2.953846 -2.987404 0.834110
1776785720.273995 -0.321545 -2.958899 -2.992034 0.826487
1776785720.385298 -0.360195 -2.960944 -2.995311 0.805131
1776785720.489708 -0.407553 -2.971953 -3.001571 0.854147
1776785720.595059 -0.447183 -2.974194 -3.003634 0.844819
1776785720.696664 -0.488430 -2.981655 -3.008730 0.858719
1776785720.796244 -0.531398 -2.988436 -3.010091 0.897353
1776785720.898351 -0.585801 -2.998980 -3.015485 0.844452
1776785721.003281 -0.627795 -3.004567 -3.027090 0.778518
1776785721.111103 -0.672915 -3.004153 -3.028058 0.788143
1776785721.214308 -0.714691 -3.005893 -3.033647 0.802952
1776785721.313808 -0.757829 -3.018358 -3.037056 0.878451
1776785721.421510 -0.808941 -3.020772 -3.041875 0.862095
1776785721.523138 -0.841256 -3.017989 -3.050886 0.764131
1776785721.624677 -0.865430 -3.016797 -3.050236 0.795769
1776785721.729187 -0.881569 -3.018494 -3.046767 0.862594
1776785721.833443 -0.886090 -3.013632 -3.050470 0.857252
1776785721.936886 -0.886182 -3.007829 -3.054543 0.870095
1776785722.041191 -0.881229 -3.003144 -3.049963 0.857513
1776785722.146567 -0.876455 -2.991980 -3.050770 0.870190
1776785722.249963 -0.876221 -2.993210 -3.049598 0.925904
1776785722.354874 -0.876492 -2.985063 -3.052434 0.927144
1776785722.460904 -0.870403 -2.984699 -3.052122 0.926667
1776785722.563294 -0.870562 -2.985504 -3.052228 0.915792
1776785722.666487 -0.868526 -2.981660 -3.052522 0.940288
1776785722.773902 -0.868240 -2.978457 -3.053319 0.923504
1776785722.873368 -0.869760 -2.975689 -3.052797 0.952995
1776785722.982647 -0.869173 -2.977921 -3.052389 0.927393
1776785723.080963 -0.864893 -2.974582 -3.051777 0.936194
1776785723.189718 -0.868451 -2.976127 -3.051901 0.942905
1776785723.288886 -0.865053 -2.971105 -3.050579 0.945619
1776785723.396093 -0.865261 -2.971855 -3.050554 0.941486
1776785723.498295 -0.864648 -2.970946 -3.049118 0.946977
1776785723.607914 -0.863720 -2.968401 -3.047975 0.959896
1776785723.706465 -0.863309 -2.966868 -3.050690 0.958565
1776785723.810864 -0.856843 -2.959234 -3.050585 0.933956
1776785723.916619 -0.861653 -2.964872 -3.051179 0.951863
1776785724.018827 -0.853917 -2.960409 -3.051272 0.936527
1776785724.123428 -0.856703 -2.959009 -3.051277 0.953159
1776785724.230160 -0.857937 -2.959192 -3.051951 0.950409
1776785724.330238 -0.855345 -2.952542 -3.050469 0.964585
1776785724.435050 -0.858138 -2.956838 -3.050522 0.950333
1776785724.542354 -0.854231 -2.949685 -3.051715 0.969907
1776785724.641138 -0.853808 -2.949108 -3.052509 0.970622
1776785724.744035 -0.849957 -2.944232 -3.052185 0.971178
1776785724.847992 -0.853176 -2.945004 -3.051327 0.969649
1776785724.953127 -0.853579 -2.941780 -3.052525 0.973556
1776785725.057417 -0.847845 -2.937771 -3.052955 0.969628
1776785725.160927 -0.847127 -2.936358 -3.052510 0.968669
1776785725.267774 -0.849638 -2.936697 -3.053844 0.975091
1776785725.367193 -0.849383 -2.936609 -3.053547 0.971142
1776785725.470924 -0.848801 -2.936643 -3.053916 0.972439
1776785725.575301 -0.846138 -2.929933 -3.054526 0.958237
1776785725.678400 -0.848634 -2.931130 -3.054776 0.975928
1776785725.785161 -0.848640 -2.927315 -3.052868 0.970102
1776785725.889194 -0.844668 -2.927742 -3.054556 0.958579
1776785725.990032 -0.844287 -2.923904 -3.054785 0.971926
1776785726.093942 -0.844548 -2.922899 -3.055304 0.987195
1776785726.205467 -0.844027 -2.920897 -3.054354 0.971474
1776785726.302164 -0.842561 -2.918829 -3.055761 0.980463
1776785726.405978 -0.842674 -2.922469 -3.054801 0.976255
1776785726.510672 -0.843178 -2.918292 -3.053517 0.958553
1776785726.614964 -0.840513 -2.915783 -3.054761 0.968455
1776785726.722028 -0.840380 -2.915489 -3.054045 0.971259
1776785726.830249 -0.843210 -2.912082 -3.055678 0.976328
1776785726.930669 -0.837459 -2.912904 -3.055658 0.972606
1776785727.030827 -0.842623 -2.913885 -3.055700 0.979279
1776785727.137777 -0.839473 -2.911072 -3.056139 0.966531
1776785727.237149 -0.841064 -2.908912 -3.055095 0.980006
1776785727.341094 -0.839796 -2.908652 -3.057706 0.976733
1776785727.446836 -0.837344 -2.905528 -3.053021 0.971886
1776785727.548913 -0.838451 -2.906576 -3.057607 0.974076
1776785727.652131 -0.833236 -2.902845 -3.056512 0.974104
1776785727.756709 -0.840138 -2.906403 -3.057115 0.966406
1776785727.860950 -0.834659 -2.900056 -3.056574 0.973926
1776785727.965688 -0.836818 -2.902659 -3.056198 0.976388
1776785728.064747 -0.836202 -2.901772 -3.056694 0.969388
1776785728.172878 -0.836169 -2.901164 -3.057567 0.974937
1776785728.284370 -0.831577 -2.897204 -3.057155 0.974103
1776785728.385684 -0.833947 -2.897912 -3.055031 0.964735
1776785728.489509 -0.835147 -2.897254 -3.058814 0.962175
1776785728.594214 -0.830776 -2.894825 -3.055657 0.961180
1776785728.692982 -0.834621 -2.894396 -3.056849 0.967766
1776785728.797470 -0.829282 -2.893434 -3.059251 0.952139
1776785728.900141 -0.829663 -2.889336 -3.056767 0.972260
1776785729.005218 -0.829208 -2.884991 -3.057263 0.971494
1776785729.108524 -0.828680 -2.887330 -3.058285 0.986978
1776785729.216356 -0.828179 -2.884212 -3.057444 0.975325
1776785729.316722 -0.823064 -2.878441 -3.055978 0.972035
1776785729.426729 -0.823231 -2.875820 -3.057340 0.958147
1776785729.525206 -0.825270 -2.882280 -3.058171 0.983235
1776785729.633527 -0.822262 -2.879641 -3.058362 0.981696
1776785729.732172 -0.820193 -2.876214 -3.057875 0.970263
1776785729.836727 -0.822783 -2.876435 -3.057404 0.969768
1776785729.942699 -0.817072 -2.871050 -3.056673 0.977819
1776785730.044705 -0.824077 -2.876286 -3.057635 0.979219
1776785730.156128 -0.818098 -2.871260 -3.060759 0.956851
1776785730.256713 -0.818042 -2.868570 -3.055634 0.971612
1776785730.356699 -0.815180 -2.863588 -3.057210 0.964563
1776785730.459930 -0.813551 -2.862089 -3.059058 0.971390
1776785730.564181 -0.814288 -2.867502 -3.058489 0.981099
1776785730.672437 -0.814278 -2.858964 -3.057258 0.978354
1776785730.772522 -0.812117 -2.860616 -3.057670 0.978980
1776785730.876382 -0.810448 -2.855613 -3.058555 0.978831
1776785730.981892 -0.810709 -2.853320 -3.058045 0.969715
1776785731.085873 -0.810740 -2.856254 -3.060220 0.976131
1776785731.190140 -0.811940 -2.852587 -3.059768 0.974867
1776785731.299199 -0.811658 -2.856359 -3.057534 0.964118
1776785731.396601 -0.810977 -2.851904 -3.058680 0.961410
1776785731.500464 -0.810677 -2.850266 -3.058912 0.978721
1776785731.603383 -0.809104 -2.846767 -3.058574 0.981804
1776785731.707425 -0.808378 -2.849204 -3.059588 0.980073
1776785731.812078 -0.809892 -2.847271 -3.058694 0.973830
1776785731.914847 -0.809396 -2.845555 -3.058126 0.973023
1776785732.018625 -0.806802 -2.845595 -3.059979 0.964810
1776785732.123541 -0.804178 -2.844389 -3.058016 0.961296
1776785732.227007 -0.804093 -2.843412 -3.057706 0.956074
1776785732.335106 -0.805520 -2.840518 -3.058934 0.976869
1776785732.434399 -0.803228 -2.837255 -3.058283 0.979758
1776785732.538192 -0.806049 -2.838841 -3.058667 0.982038
1776785732.641494 -0.804437 -2.838541 -3.059227 0.967950
1776785732.750147 -0.802252 -2.835637 -3.057408 0.965155
1776785732.851691 -0.804168 -2.834470 -3.059053 0.960022
1776785732.956728 -0.802948 -2.832409 -3.059741 0.964408
1776785733.062739 -0.800308 -2.828698 -3.058817 0.980557
1776785733.159038 -0.799185 -2.828083 -3.060551 0.965203
1776785733.266709 -0.802387 -2.833446 -3.059888 0.968799
1776785733.364815 -0.803240 -2.828190 -3.058993 0.971761
1776785733.476805 -0.796499 -2.827418 -3.059555 0.957990
1776785733.571770 -0.797485 -2.827846 -3.059998 0.976623
1776785733.675864 -0.799726 -2.828395 -3.060322 0.977377
1776785733.779595 -0.799478 -2.824130 -3.060973 0.974378
1776785733.883497 -0.795970 -2.823178 -3.060288 0.975595
1776785733.986396 -0.796434 -2.822495 -3.059884 0.971464
1776785734.094114 -0.794566 -2.820465 -3.059108 0.974634
1776785734.194831 -0.790554 -2.816319 -3.059624 0.967554
1776785734.297654 -0.790728 -2.814884 -3.059886 0.984550
1776785734.404778 -0.794522 -2.817808 -3.060263 0.977802
1776785734.504079 -0.795055 -2.816394 -3.059412 0.980410
1776785734.607204 -0.790686 -2.815572 -3.060074 0.971348
1776785734.711000 -0.793193 -2.813052 -3.060327 0.976764
1776785734.814932 -0.790765 -2.808920 -3.060469 0.984330
1776785734.921991 -0.789573 -2.805851 -3.059018 0.978442
1776785735.021211 -0.787805 -2.808307 -3.059233 0.962802
1776785735.126926 -0.789213 -2.808205 -3.060688 0.974715
1776785735.235665 -0.786481 -2.804357 -3.060171 0.970376
1776785735.336495 -0.783724 -2.798203 -3.060116 0.977633
1776785735.435867 -0.783663 -2.803082 -3.060491 0.961658
1776785735.539688 -0.785535 -2.801281 -3.061026 0.968090
1776785735.647432 -0.784893 -2.795335 -3.060721 0.973254
1776785735.747491 -0.782660 -2.793808 -3.059286 0.979659
1776785735.856918 -0.783008 -2.794131 -3.058705 0.968483
1776785735.960894 -0.782220 -2.797366 -3.060518 0.963376
1776785736.062371 -0.781989 -2.790317 -3.060656 0.962671
