1776785626.486790 0.000000 0.000000 0.000000 1.000000
1776785626.591305 -0.066857 0.005253 0.000026 1.000000
1776785626.697406 -0.067952 -0.035051 -0.000635 1.000000
1776785626.799708 -0.072662 -0.040312 -0.002077 1.000000
1776785626.904063 -0.086635 -0.045443 -0.001898 1.000000
1776785627.011086 -0.095361 -0.054036 -0.000515 1.000000
1776785627.114878 -0.103277 -0.060844 -0.000414 1.000000
1776785627.218352 -0.108273 -0.067721 -0.000403 1.000000
1776785627.325902 -0.107806 -0.070144 -0.001682 1.000000
1776785627.425481 -0.111461 -0.069772 -0.000889 1.000000
1776785627.530365 -0.111797 -0.073576 -0.000307 1.000000
1776785627.634527 -0.115032 -0.073746 -0.000498 1.000000
1776785627.739150 -0.120337 -0.077666 -0.000397 1.000000
1776785627.843595 -0.118572 -0.078672 -0.000856 1.000000
1776785627.956855 -0.121731 -0.079595 -0.001097 1.000000
1776785628.052838 -0.125789 -0.084462 -0.002105 1.000000
1776785628.157896 -0.121956 -0.081462 -0.001561 1.000000
1776785628.261895 -0.126615 -0.085245 -0.002214 1.000000
1776785628.366093 -0.124670 -0.084546 -0.001159 1.000000
1776785628.474553 -0.132347 -0.087578 -0.000980 1.000000
1776785628.578495 -0.134885 -0.091150 -0.000931 1.000000
1776785628.679302 -0.136597 -0.092875 -0.000140 1.000000
1776785628.788341 -0.136826 -0.092950 -0.000760 1.000000
1776785628.892361 -0.135802 -0.094748 -0.001074 1.000000
1776785628.992664 -0.143263 -0.096121 -0.000364 1.000000
1776785629.097824 -0.143751 -0.098894 -0.000746 1.000000
1776785629.201842 -0.141933 -0.099276 0.000146 1.000000
1776785629.306667 -0.147743 -0.100458 -0.001336 1.000000
1776785629.411850 -0.150873 -0.104581 -0.001864 1.000000
1776785629.516804 -0.149181 -0.106955 -0.001590 1.000000
1776785629.625709 -0.149737 -0.105044 -0.001209 1.000000
1776785629.726520 -0.151324 -0.106531 -0.001711 1.000000
1776785629.832908 -0.152764 -0.107713 -0.001328 1.000000
1776785629.934283 -0.153746 -0.111333 -0.001256 1.000000
1776785630.038440 -0.155954 -0.113578 -0.002032 1.000000
1776785630.143056 -0.155119 -0.115926 -0.001315 1.000000
1776785630.251660 -0.155448 -0.116093 -0.001401 1.000000
1776785630.352581 -0.157591 -0.116766 -0.001380 1.000000
1776785630.459728 -0.163744 -0.120690 -0.000457 1.000000
1776785630.567487 -0.158908 -0.121236 -0.000138 1.000000
1776785630.664350 -0.160084 -0.121255 -0.001601 1.000000
1776785630.768247 -0.160141 -0.120597 -0.002433 1.000000
1776785630.872587 -0.158990 -0.123470 -0.001267 1.000000
1776785630.977137 -0.165457 -0.124909 -0.000909 1.000000
1776785631.086075 -0.161718 -0.124090 -0.001471 1.000000
1776785631.187310 -0.164753 -0.126202 -0.001210 1.000000
1776785631.290915 -0.166890 -0.126363 -0.002825 1.000000
1776785631.394080 -0.168440 -0.128166 -0.001333 1.000000
1776785631.497867 -0.169510 -0.129895 -0.001658 1.000000
1776785631.605155 -0.167175 -0.130426 -0.000688 1.000000
1776785631.705372 -0.169406 -0.129833 -0.001371 1.000000
1776785631.814011 -0.173314 -0.135903 -0.000027 1.000000
1776785631.919565 -0.169662 -0.133478 -0.001578 1.000000
1776785632.017403 -0.175493 -0.136777 -0.001206 1.000000
1776785632.127064 -0.169793 -0.136975 -0.000065 1.000000
1776785632.226357 -0.171428 -0.136367 -0.001236 1.000000
1776785632.330690 -0.174591 -0.138452 -0.000766 1.000000
1776785632.439573 -0.175445 -0.137869 -0.001325 1.000000
1776785632.546952 -0.176644 -0.140677 -0.000793 1.000000
1776785632.643912 -0.174371 -0.137673 -0.003378 1.000000
1776785632.749072 -0.176603 -0.142080 -0.002640 1.000000
1776785632.853710 -0.177229 -0.139330 -0.000900 1.000000
1776785632.958734 -0.178454 -0.138112 -0.003314 1.000000
1776785633.062428 -0.183542 -0.144252 -0.003116 1.000000
1776785633.166083 -0.183755 -0.146366 -0.001937 1.000000
1776785633.274908 -0.184690 -0.142707 -0.001088 1.000000
1776785633.375520 -0.189675 -0.147550 0.000140 1.000000
1776785633.479625 -0.185207 -0.147513 -0.001205 1.000000
1776785633.588515 -0.189513 -0.148983 -0.002519 1.000000
1776785633.689332 -0.191912 -0.151397 -0.002483 1.000000
1776785633.792483 -0.191422 -0.151121 -0.001721 1.000000
1776785633.898122 -0.192393 -0.150684 -0.002952 1.000000
1776785634.001553 -0.192021 -0.148608 -0.001904 1.000000
1776785634.106340 -0.194533 -0.151140 -0.002554 1.000000
1776785634.214902 -0.194411 -0.152477 -0.001938 1.000000
1776785634.315556 -0.197561 -0.153359 -0.001832 1.000000
1776785634.425059 -0.199841 -0.161066 -0.002066 1.000000
1776785634.529114 -0.199351 -0.159199 -0.002300 1.000000
1776785634.629971 -0.203339 -0.162185 -0.001557 1.000000
1776785634.739968 -0.205635 -0.164392 -0.002445 1.000000
1776785634.837374 -0.203928 -0.164524 -0.002331 1.000000
1776785634.942133 -0.201898 -0.164111 -0.002402 1.000000
1776785635.046570 -0.203818 -0.165559 -0.002289 1.000000
1776785635.152704 -0.201407 -0.164248 -0.002012 1.000000
1776785635.255739 -0.206940 -0.168172 -0.002105 1.000000
1776785635.360511 -0.204405 -0.167153 -0.002283 1.000000
1776785635.466448 -0.208543 -0.169415 -0.001982 1.000000
1776785635.572930 -0.208792 -0.175463 -0.001231 1.000000
1776785635.673237 -0.205690 -0.173216 -0.002184 1.000000
1776785635.782077 -0.211193 -0.175854 -0.001120 1.000000
1776785635.883097 -0.211446 -0.176752 -0.001304 1.000000
1776785635.990805 -0.214118 -0.178207 -0.000733 1.000000
1776785636.093461 -0.210872 -0.175676 -0.002303 1.000000
1776785636.195500 -0.215223 -0.179714 -0.002503 1.000000
1776785636.298638 -0.214934 -0.179541 -0.002735 1.000000
1776785636.406697 -0.220497 -0.182818 -0.002409 1.000000
1776785636.506899 -0.221216 -0.182583 -0.003397 1.000000
1776785636.619568 -0.216399 -0.181803 -0.003011 1.000000
1776785636.715225 -0.221821 -0.184187 -0.003598 1.000000
1776785636.820007 -0.220743 -0.182625 -0.003870 1.000000
1776785636.925214 -0.221402 -0.186316 -0.002435 1.000000
1776785637.030318 -0.225796 -0.186357 -0.002954 1.000000
1776785637.137103 -0.221953 -0.185249 -0.002768 1.000000
1776785637.236619 -0.225111 -0.185407 -0.002458 1.000000
1776785637.341516 -0.227136 -0.190464 -0.002265 1.000000
1776785637.444845 -0.225118 -0.187295 -0.002365 1.000000
1776785637.549377 -0.230523 -0.187723 0.000116 1.000000
1776785637.661306 -0.230369 -0.188291 -0.002778 1.000000
1776785637.757431 -0.226925 -0.187440 -0.002512 1.000000
1776785637.860725 -0.232668 -0.190438 -0.001006 1.000000
1776785637.964993 -0.232086 -0.191680 -0.002467 1.000000
1776785638.069376 -0.229512 -0.191973 -0.002494 1.000000
1776785638.176551 -0.229171 -0.191450 -0.001729 1.000000
1776785638.278186 -0.238587 -0.196429 -0.002160 1.000000
1776785638.383299 -0.235141 -0.195846 -0.002128 1.000000
1776785638.488374 -0.236012 -0.196483 -0.002639 1.000000
1776785638.593002 -0.235968 -0.199991 -0.002473 1.000000
1776785638.699043 -0.244097 -0.203208 -0.002576 1.000000
1776785638.801851 -0.244645 -0.204714 -0.003736 1.000000
1776785638.905961 -0.243515 -0.201557 -0.002124 1.000000
1776785639.018350 -0.244238 -0.206670 -0.004502 1.000000
1776785639.115417 -0.242820 -0.203310 -0.003546 1.000000
1776785639.219884 -0.247119 -0.203902 -0.004192 1.000000
1776785639.323215 -0.242342 -0.202892 -0.005463 1.000000
1776785639.434070 -0.233638 -0.209770 -0.004740 1.000000
1776785639.532591 -0.223561 -0.206475 -0.008004 1.000000
1776785639.637390 -0.198261 -0.200377 -0.011058 1.000000
1776785639.742352 -0.182513 -0.206105 -0.013538 1.000000
1776785639.846785 -0.155786 -0.208941 -0.019481 1.000000
1776785639.951242 -0.124469 -0.208948 -0.022601 1.000000
1776785640.056550 -0.094179 -0.212107 -0.027832 1.000000
1776785640.161144 -0.059950 -0.213044 -0.031723 1.000000
1776785640.270074 -0.017691 -0.208780 -0.033507 1.000000
1776785640.374906 0.028769 -0.209506 -0.037423 1.000000
1776785640.475601 0.066628 -0.213987 -0.041631 1.000000
1776785640.580351 0.106192 -0.215467 -0.044201 1.000000
1776785640.684582 0.148986 -0.213699 -0.049031 1.000000
1776785640.793135 0.194055 -0.214253 -0.053587 1.000000
1776785640.893468 0.239027 -0.218855 -0.061572 1.000000
1776785640.998678 0.271784 -0.219190 -0.066725 1.000000
1776785641.103281 0.304709 -0.225782 -0.070415 1.000000
1776785641.207964 0.336888 -0.227272 -0.074277 1.000000
1776785641.317400 0.363760 -0.229197 -0.079060 1.000000
1776785641.419826 0.390719 -0.233941 -0.082318 1.000000
1776785641.526780 0.413597 -0.236475 -0.084822 1.000000
1776785641.630831 0.435441 -0.240255 -0.089359 1.000000
1776785641.733401 0.455042 -0.240513 -0.093066 1.000000
1776785641.837454 0.472929 -0.245209 -0.093722 1.000000
1776785641.944114 0.492305 -0.247915 -0.097741 1.000000
1776785642.046907 0.503334 -0.251303 -0.097943 1.000000
1776785642.155160 0.520898 -0.250201 -0.101154 1.000000
1776785642.255867 0.533171 -0.254030 -0.102247 1.000000
1776785642.364609 0.548628 -0.254420 -0.104845 1.000000
1776785642.465089 0.559595 -0.260443 -0.107271 1.000000
1776785642.570848 0.578159 -0.262542 -0.108782 1.000000
1776785642.676144 0.594257 -0.264628 -0.111510 1.000000
1776785642.780814 0.617130 -0.265538 -0.113206 1.000000
1776785642.885925 0.636049 -0.266494 -0.117507 1.000000
1776785642.990648 0.660937 -0.269312 -0.120151 1.000000
1776785643.095823 0.680367 -0.270690 -0.124126 1.000000
1776785643.198901 0.707268 -0.277151 -0.126781 1.000000
1776785643.299058 0.733819 -0.282860 -0.130052 1.000000
1776785643.415671 0.760353 -0.282356 -0.133521 1.000000
1776785643.513562 0.788027 -0.287579 -0.137304 1.000000
1776785643.618097 0.821403 -0.286469 -0.141745 1.000000
1776785643.721863 0.849520 -0.293509 -0.142628 1.000000
1776785643.825356 0.878742 -0.295394 -0.142506 1.000000
1776785643.929924 0.905537 -0.302789 -0.143973 1.000000
1776785644.039786 0.932377 -0.303655 -0.148104 1.000000
1776785644.139722 0.964096 -0.308713 -0.149071 1.000000
1776785644.244430 1.001393 -0.305861 -0.150768 1.000000
1776785644.357076 1.021864 -0.315218 -0.154953 1.000000
1776785644.460757 1.060141 -0.320629 -0.153667 1.000000
1776785644.564750 1.082031 -0.330170 -0.156318 1.000000
1776785644.664955 1.114738 -0.334342 -0.157624 1.000000
1776785644.768520 1.144375 -0.335712 -0.161298 1.000000
1776785644.878128 1.175872 -0.343552 -0.165322 1.000000
1776785644.978410 1.205818 -0.345659 -0.170375 1.000000
1776785645.083081 1.236446 -0.354628 -0.176266 1.000000
1776785645.187705 1.268187 -0.359929 -0.181742 1.000000
1776785645.291410 1.300309 -0.365546 -0.183490 1.000000
1776785645.403001 1.333834 -0.372066 -0.187217 1.000000
1776785645.504959 1.362256 -0.374539 -0.192134 1.000000
1776785645.609767 1.395436 -0.381636 -0.197014 1.000000
1776785645.714020 1.429933 -0.388037 -0.202283 1.000000
1776785645.814777 1.458661 -0.396832 -0.207272 1.000000
1776785645.919707 1.491256 -0.403467 -0.209245 1.000000
1776785646.024199 1.524272 -0.406731 -0.212823 1.000000
1776785646.128081 1.549168 -0.411246 -0.218299 1.000000
1776785646.231631 1.586784 -0.413973 -0.220412 1.000000
1776785646.339118 1.608759 -0.428017 -0.231716 1.000000
1776785646.440854 1.634503 -0.430713 -0.292186 1.000000
1776785646.547129 1.645974 -0.449497 -0.366564 1.000000
1776785646.651616 1.673254 -0.467896 -0.438970 1.000000
1776785646.755294 1.694650 -0.491356 -0.504957 1.000000
1776785646.859689 1.711502 -0.509731 -0.562939 1.000000
1776785646.968663 1.728705 -0.522461 -0.627788 1.000000
1776785647.068923 1.752724 -0.543180 -0.692461 1.000000
1776785647.173309 1.760361 -0.562154 -0.747845 1.000000
1776785647.283028 1.772633 -0.586136 -0.815206 1.000000
1776785647.387476 1.783407 -0.602922 -0.881250 1.000000
1776785647.487810 1.792643 -0.622183 -0.948407 1.000000
1776785647.596651 1.803820 -0.643482 -1.016766 1.000000
1776785647.696318 1.821563 -0.637832 -1.087518 1.000000
1776785647.799798 1.836967 -0.669249 -1.141454 1.000000
1776785647.905914 1.848196 -0.696883 -1.164280 1.000000
1776785648.009000 1.858774 -0.715404 -1.181605 1.000000
1776785648.112317 1.862571 -0.743902 -1.200496 1.000000
1776785648.215869 1.883897 -0.769676 -1.213863 1.000000
1776785648.320164 1.892992 -0.803946 -1.224676 1.000000
1776785648.424592 1.910242 -0.834184 -1.241868 1.000000
1776785648.534087 1.922160 -0.851163 -1.273550 1.000000
1776785648.641761 1.925622 -0.874235 -1.347909 1.000000
1776785648.740235 1.928016 -0.908252 -1.434181 1.000000
1776785648.846070 1.940425 -0.950659 -1.505899 1.000000
1776785648.948325 1.944659 -0.992959 -1.514905 1.000000
1776785649.061892 1.952895 -1.029706 -1.534057 1.000000
1776785649.158144 1.949549 -1.069658 -1.544933 1.000000
1776785649.266090 1.951635 -1.113263 -1.553308 1.000000
1776785649.362609 1.961564 -1.159197 -1.515694 1.000000
1776785649.466414 1.982838 -1.190244 -1.439486 1.000000
1776785649.577323 1.994449 -1.234425 -1.380724 1.000000
1776785649.672737 1.999362 -1.262207 -1.320037 1.000000
1776785649.783195 2.022624 -1.305453 -1.261836 1.000000
1776785649.879743 2.028767 -1.329349 -1.200705 1.000000
1776785649.987202 2.066896 -1.356189 -1.131024 1.000000
1776785650.088241 2.086137 -1.395008 -1.065343 1.000000
1776785650.192742 2.105251 -1.427670 -1.001498 1.000000
1776785650.296849 2.121112 -1.449503 -0.952178 1.000000
1776785650.401787 2.143250 -1.476294 -0.901777 1.000000
1776785650.506763 2.160211 -1.504491 -0.853526 1.000000
1776785650.611816 2.185195 -1.509743 -0.807184 1.000000
1776785650.720088 2.204554 -1.533154 -0.761616 1.000000
1776785650.820246 2.223664 -1.552289 -0.717622 1.000000
1776785650.925418 2.250748 -1.567855 -0.667416 1.000000
1776785651.029655 2.267537 -1.592289 -0.614783 1.000000
1776785651.132794 2.282829 -1.610047 -0.562837 1.000000
1776785651.241450 2.314522 -1.619842 -0.514448 1.000000
1776785651.341471 2.339891 -1.630098 -0.470509 1.000000
1776785651.446207 2.373005 -1.642740 -0.414910 1.000000
1776785651.550346 2.400053 -1.652533 -0.365459 1.000000
1776785651.654728 2.435024 -1.663394 -0.312933 1.000000
1776785651.759719 2.463001 -1.673179 -0.264666 1.000000
1776785651.873289 2.495197 -1.678583 -0.214145 1.000000
1776785651.968426 2.521446 -1.680092 -0.164009 1.000000
1776785652.072086 2.549850 -1.679710 -0.112952 1.000000
1776785652.182893 2.582139 -1.675922 -0.063052 1.000000
1776785652.284794 2.611548 -1.674661 -0.012045 1.000000
1776785652.389127 2.645587 -1.663712 0.036416 1.000000
1776785652.496320 2.688074 -1.640657 0.042635 1.000000
1776785652.597280 2.735878 -1.624771 0.036450 1.000000
1776785652.701875 2.759090 -1.628352 0.033599 1.000000
1776785652.809400 2.794472 -1.630676 0.011093 1.000000
1776785652.920717 2.826356 -1.651451 -0.057950 1.000000
1776785653.018229 2.875936 -1.643665 -0.148786 1.000000
1776785653.123742 2.914054 -1.665340 -0.179652 1.000000
1776785653.227487 2.945614 -1.679778 -0.191814 1.000000
1776785653.331146 2.985830 -1.686732 -0.212956 1.000000
1776785653.434395 3.027169 -1.690087 -0.230156 1.000000
1776785653.540494 3.074881 -1.701574 -0.244016 1.000000
1776785653.646005 3.129819 -1.695638 -0.227549 1.000000
1776785653.745153 3.171564 -1.694639 -0.159473 1.000000
1776785653.853782 3.211349 -1.683586 -0.098161 1.000000
1776785653.952393 3.243557 -1.685065 -0.034907 1.000000
1776785654.058762 3.279143 -1.679938 0.006829 1.000000
1776785654.163024 3.319882 -1.676053 0.005635 1.000000
1776785654.266999 3.363318 -1.677366 0.004472 1.000000
1776785654.371977 3.403795 -1.686904 0.008847 1.000000
1776785654.477289 3.454617 -1.683084 -0.001087 1.000000
1776785654.581694 3.503417 -1.672090 -0.000231 1.000000
1776785654.686086 3.554803 -1.664437 0.049027 1.000000
1776785654.790857 3.602690 -1.657088 0.125922 1.000000
1776785654.891755 3.628741 -1.644963 0.182255 1.000000
1776785654.999647 3.672273 -1.641951 0.199222 1.000000
1776785655.105093 3.716429 -1.635375 0.194402 1.000000
1776785655.210433 3.763975 -1.620401 0.180129 1.000000
1776785655.315911 3.817064 -1.610762 0.173326 1.000000
1776785655.422114 3.860702 -1.598795 0.176277 1.000000
1776785655.530602 3.909257 -1.583534 0.169701 1.000000
1776785655.630884 3.953513 -1.574314 0.159355 1.000000
1776785655.735183 4.001042 -1.559705 0.153188 1.000000
1776785655.847858 4.051877 -1.550907 0.157251 1.000000
1776785655.944777 4.094469 -1.530750 0.151921 1.000000
1776785656.050298 4.140264 -1.528499 0.147217 1.000000
1776785656.153825 4.196478 -1.513334 0.142991 1.000000
1776785656.263873 4.246018 -1.511475 0.138344 1.000000
1776785656.364582 4.300605 -1.496461 0.130028 1.000000
1776785656.468756 4.341830 -1.500444 0.138494 1.000000
1776785656.573947 4.393819 -1.487985 0.135599 1.000000
1776785656.675873 4.456079 -1.460107 0.180015 1.000000
1776785656.778066 4.504875 -1.443489 0.264001 1.000000
1776785656.886966 4.548426 -1.421683 0.337937 1.000000
1776785656.998006 4.571634 -1.402124 0.407382 1.000000
1776785657.097257 4.608886 -1.379790 0.467547 1.000000
1776785657.209177 4.630269 -1.349029 0.526722 1.000000
1776785657.310696 4.660971 -1.330261 0.579861 1.000000
1776785657.411638 4.670630 -1.305838 0.636897 1.000000
1776785657.521503 4.686735 -1.282810 0.691264 1.000000
1776785657.623941 4.698333 -1.262960 0.738496 1.000000
1776785657.727737 4.721235 -1.231552 0.793970 1.000000
1776785657.832135 4.734908 -1.219860 0.838883 1.000000
1776785657.943193 4.741923 -1.189617 0.891489 1.000000
1776785658.046095 4.764080 -1.158519 0.938370 1.000000
1776785658.146073 4.768553 -1.141839 0.984800 1.000000
1776785658.258125 4.768092 -1.122031 1.030726 1.000000
1776785658.355595 4.788464 -1.095884 1.070824 1.000000
1776785658.459399 4.785806 -1.069747 1.109516 1.000000
1776785658.567448 4.790881 -1.047681 1.148315 1.000000
1776785658.667448 4.790857 -1.034718 1.172586 1.000000
1776785658.779961 4.792543 -0.994397 1.212042 1.000000
1776785658.880054 4.795849 -0.968586 1.255924 1.000000
1776785658.981378 4.810741 -0.919211 1.303010 1.000000
1776785659.084298 4.781216 -0.894796 1.345445 1.000000
1776785659.189045 4.785630 -0.895376 1.380125 1.000000
1776785659.294302 4.780691 -0.876317 1.420026 1.000000
1776785659.398516 4.780037 -0.844686 1.444843 1.000000
1776785659.507172 4.784901 -0.821503 1.441680 1.000000
1776785659.607178 4.785140 -0.786843 1.441969 1.000000
1776785659.711738 4.784183 -0.749543 1.424639 1.000000
1776785659.817945 4.803901 -0.694306 1.428865 1.000000
1776785659.921237 4.799407 -0.657638 1.434285 1.000000
1776785660.031400 4.786755 -0.609754 1.484245 1.000000
1776785660.129199 4.786463 -0.563249 1.560588 1.000000
1776785660.232748 4.771572 -0.519862 1.630220 1.000000
1776785660.338128 4.739501 -0.504280 1.676084 1.000000
1776785660.443393 4.766583 -0.456519 1.740749 1.000000
1776785660.548902 4.745061 -0.462239 1.731312 1.000000
1776785660.654609 4.733969 -0.429705 1.734002 1.000000
1776785660.759756 4.729370 -0.385746 1.737441 1.000000
1776785660.868858 4.720107 -0.353589 1.739615 1.000000
1776785660.968694 4.718296 -0.314606 1.740205 1.000000
1776785661.072437 4.706817 -0.269358 1.738926 1.000000
1776785661.176358 4.698213 -0.229195 1.736693 1.000000
1776785661.281408 4.680652 -0.197387 1.726568 1.000000
1776785661.385334 4.667548 -0.146972 1.723483 1.000000
1776785661.491266 4.634916 -0.103833 1.713815 1.000000
1776785661.592580 4.628307 -0.051522 1.713657 1.000000
1776785661.703633 4.635079 -0.020357 1.694520 1.000000
1776785661.799435 4.627143 0.047211 1.697346 1.000000
1776785661.908242 4.618714 0.102552 1.705768 1.000000
1776785662.008015 4.613454 0.127252 1.680065 1.000000
1776785662.112675 4.621410 0.172665 1.600746 1.000000
1776785662.217458 4.630312 0.211813 1.506788 1.000000
1776785662.322119 4.640129 0.242868 1.427130 1.000000
1776785662.425848 4.647802 0.290490 1.357909 1.000000
1776785662.528407 4.645413 0.319938 1.312901 1.000000
1776785662.631111 4.665902 0.372058 1.311949 1.000000
1776785662.733728 4.672247 0.414640 1.292795 1.000000
1776785662.837140 4.662224 0.447997 1.265436 1.000000
1776785662.941528 4.672946 0.494264 1.243907 1.000000
1776785663.045538 4.689142 0.532352 1.180421 1.000000
1776785663.154227 4.713188 0.562174 1.107065 1.000000
1776785663.261174 4.705405 0.594144 1.044630 1.000000
1776785663.357117 4.756638 0.623380 0.982690 1.000000
1776785663.466313 4.764261 0.659898 0.917576 1.000000
1776785663.571194 4.756893 0.669869 0.832795 1.000000
1776785663.670096 4.802540 0.716773 0.805492 1.000000
1776785663.773887 4.791842 0.715707 0.722765 1.000000
1776785663.879117 5.042807 0.758171 0.582107 1.000000
1776785663.982625 4.850696 0.746834 0.555584 1.000000
1776785664.091039 4.860256 0.765641 0.531089 1.000000
1776785664.190402 4.909869 0.754849 0.399760 1.000000
1776785664.295528 5.125114 0.800674 0.278538 1.000000
1776785664.398203 4.989208 0.803364 0.229017 1.000000
1776785664.501138 5.006233 0.795276 0.160638 1.000000
1776785664.604606 5.016072 0.799806 0.098820 1.000000
1776785664.707958 5.006058 0.800076 0.080573 1.000000
1776785664.811142 5.263012 0.806570 0.030511 1.000000
1776785664.915761 5.084828 0.793988 0.023856 1.000000
1776785665.018589 5.134203 0.778718 0.002815 1.000000
1776785665.122445 5.361391 0.830776 0.007561 1.000000
1776785665.227117 5.489153 0.839578 -0.042622 1.000000
1776785665.329745 5.416855 0.815429 -0.030234 1.000000
1776785665.433641 5.453941 0.810750 -0.043426 1.000000
1776785665.541613 5.465535 0.804723 -0.058831 1.000000
1776785665.650961 5.606966 0.797567 -0.087336 1.000000
1776785665.745716 5.553568 0.796084 -0.095086 1.000000
1776785665.850602 5.591753 0.787363 -0.123141 1.000000
1776785665.961746 5.683015 0.787643 -0.221026 1.000000
1776785666.060028 5.742829 0.776693 -0.274347 1.000000
1776785666.163347 5.712341 0.754065 -0.284742 1.000000
1776785666.266564 5.703756 0.714429 -0.318931 1.000000
1776785666.377448 5.829611 0.710777 -0.325920 1.000000
1776785666.472338 5.921871 0.724064 -0.266557 1.000000
1776785666.576319 5.966364 0.753794 -0.207835 1.000000
1776785666.680265 5.971558 0.739525 -0.151505 1.000000
1776785666.793304 6.111618 0.740968 -0.115355 1.000000
1776785666.894742 6.059316 0.710400 -0.097023 1.000000
1776785666.998651 6.146667 0.739076 -0.129726 1.000000
1776785667.099431 6.117575 0.657708 -0.139337 1.000000
1776785667.202667 6.125051 0.630855 -0.154565 1.000000
1776785667.307536 6.214744 0.675836 -0.123060 1.000000
1776785667.420596 6.249820 0.695765 -0.125804 1.000000
1776785667.516124 6.299823 0.637450 -0.145235 1.000000
1776785667.630559 6.330743 0.576448 -0.144230 1.000000
1776785667.722815 6.402951 0.586706 -0.097610 1.000000
1776785667.826935 6.468691 0.629429 -0.013360 1.000000
1776785667.931261 6.501058 0.643589 0.029262 1.000000
1776785668.040187 6.500451 0.669781 0.048107 1.000000
1776785668.148597 6.603011 0.666721 0.019755 1.000000
1776785668.245270 6.663089 0.682479 0.021735 1.000000
1776785668.349892 6.703279 0.667484 -0.005477 1.000000
1776785668.454299 6.769547 0.710424 0.018229 1.000000
1776785668.558419 6.732666 0.687629 0.014321 1.000000
1776785668.665939 6.797902 0.681862 0.011087 1.000000
1776785668.766280 6.879784 0.697412 -0.000817 1.000000
1776785668.878511 6.910930 0.698990 -0.005496 1.000000
1776785668.973477 7.028903 0.685730 -0.027921 1.000000
1776785669.083649 7.091063 0.705859 0.011602 1.000000
1776785669.182139 7.087535 0.642404 -0.006103 1.000000
1776785669.293084 7.195297 0.740567 0.025092 1.000000
1776785669.390472 7.220790 0.768054 0.035785 1.000000
1776785669.495084 7.241134 0.704210 -0.003138 1.000000
1776785669.602947 7.294509 0.716162 -0.000697 1.000000
1776785669.702321 7.393488 0.777651 0.020403 1.000000
1776785669.807173 7.421303 0.798708 0.029283 1.000000
1776785669.911822 7.461839 0.777612 0.004112 1.000000
1776785670.018794 7.561477 0.759253 -0.008579 1.000000
1776785670.121499 7.595974 0.810213 -0.000671 1.000000
1776785670.229830 7.700724 0.773600 -0.026192 1.000000
1776785670.330880 7.711254 0.803530 -0.012567 1.000000
1776785670.434735 7.771418 0.802536 -0.015449 1.000000
1776785670.538185 7.832650 0.804986 -0.014836 1.000000
1776785670.650484 7.889598 0.810868 -0.019237 1.000000
1776785670.747599 7.938154 0.809556 -0.027016 1.000000
1776785670.851990 7.996250 0.817448 -0.029248 1.000000
1776785670.956650 8.060482 0.832347 -0.037858 1.000000
1776785671.060956 8.116288 0.836293 -0.033632 1.000000
1776785671.171964 8.161342 0.833509 -0.038026 1.000000
1776785671.270953 8.209544 0.840595 -0.072216 1.000000
1776785671.377155 8.240914 0.841924 -0.145068 1.000000
1776785671.491322 8.271270 0.817794 -0.257438 1.000000
1776785671.592832 8.319369 0.796704 -0.365061 1.000000
1776785671.699267 8.358635 0.764869 -0.467970 1.000000
1776785671.797505 8.394750 0.739813 -0.578094 1.000000
1776785671.907368 8.429519 0.731664 -0.683834 1.000000
1776785672.004594 8.446660 0.689241 -0.766073 1.000000
1776785672.108023 8.484674 0.664899 -0.856611 1.000000
1776785672.211930 8.493368 0.625291 -0.944974 1.000000
1776785672.315493 8.501783 0.591622 -1.039814 1.000000
1776785672.419965 8.513546 0.556227 -1.139089 1.000000
1776785672.522753 8.523300 0.523300 -1.226309 1.000000
1776785672.631005 8.538076 0.484591 -1.328076 1.000000
1776785672.734288 8.549940 0.455227 -1.430937 1.000000
1776785672.834051 8.547860 0.421306 -1.531160 1.000000
1776785672.945300 8.556288 0.384038 -1.618984 1.000000
1776785673.039603 8.542617 0.340875 -1.695098 1.000000
1776785673.145925 8.543496 0.326341 -1.788008 1.000000
1776785673.250115 8.536682 0.290866 -1.876779 1.000000
1776785673.356021 8.511009 0.241175 -1.915235 1.000000
1776785673.452102 8.519517 0.207351 -1.940852 1.000000
1776785673.561841 8.528329 0.173658 -1.956766 1.000000
1776785673.659971 8.499343 0.118252 -1.928672 1.000000
1776785673.763568 8.496763 0.090124 -1.846288 1.000000
1776785673.866850 8.487419 0.038490 -1.781418 1.000000
1776785673.965125 8.494101 0.008394 -1.740807 1.000000
1776785674.072994 8.488165 -0.024810 -1.721477 1.000000
1776785674.179897 8.477908 -0.071716 -1.721361 1.000000
1776785674.284700 8.476214 -0.120128 -1.720155 1.000000
1776785674.389148 8.466446 -0.161086 -1.723120 1.000000
1776785674.494343 8.459180 -0.207958 -1.720103 1.000000
1776785674.595088 8.460391 -0.252406 -1.733126 1.000000
1776785674.705716 8.444374 -0.303423 -1.725949 1.000000
1776785674.804088 8.442783 -0.349450 -1.739502 1.000000
1776785674.909475 8.427749 -0.400603 -1.734743 1.000000
1776785675.015443 8.416712 -0.454476 -1.736687 1.000000
1776785675.117561 8.411046 -0.508074 -1.742075 1.000000
1776785675.226736 8.409085 -0.560573 -1.742504 1.000000
1776785675.327404 8.405831 -0.599119 -1.755845 1.000000
1776785675.433494 8.394551 -0.615772 -1.820959 1.000000
1776785675.539379 8.369669 -0.656088 -1.919249 1.000000
1776785675.645369 8.342324 -0.690401 -2.031346 1.000000
1776785675.759639 8.314232 -0.742508 -2.140527 1.000000
1776785675.856275 8.292376 -0.766356 -2.246363 1.000000
1776785675.960818 8.264426 -0.801384 -2.333898 1.000000
1776785676.063245 8.258587 -0.810839 -2.407629 1.000000
1776785676.166976 8.213642 -0.848023 -2.469421 1.000000
1776785676.269236 8.184483 -0.888699 -2.500582 1.000000
1776785676.375413 8.163421 -0.890946 -2.533187 1.000000
1776785676.475890 8.127334 -0.928282 -2.538330 1.000000
1776785676.580345 8.095936 -0.950595 -2.557508 1.000000
1776785676.683251 8.057304 -0.982978 -2.564488 1.000000
1776785676.787488 8.024543 -1.010997 -2.582793 1.000000
1776785676.899520 7.989861 -1.035136 -2.593415 1.000000
1776785677.005138 7.946712 -1.064218 -2.610363 1.000000
1776785677.103813 7.908735 -1.088126 -2.630008 1.000000
1776785677.203763 7.869215 -1.105196 -2.645454 1.000000
1776785677.315129 7.826695 -1.142906 -2.662395 1.000000
1776785677.411660 7.788136 -1.160029 -2.683496 1.000000
1776785677.516766 7.750906 -1.172205 -2.704991 1.000000
1776785677.621162 7.697127 -1.211045 -2.731713 1.000000
1776785677.726128 7.674082 -1.194907 -2.801490 1.000000
1776785677.832251 7.688817 -1.119882 -2.917318 1.000000
1776785677.933868 7.637077 -1.156624 -3.033349 1.000000
1776785678.039623 7.566388 -1.172975 -3.139564 1.000000
1776785678.142829 7.516362 -1.176257 3.040375 1.000000
1776785678.246638 7.441028 -1.218458 2.964797 1.000000
1776785678.349934 7.388630 -1.205441 2.952046 1.000000
1776785678.453303 7.331908 -1.209686 2.936974 1.000000
1776785678.556506 7.284100 -1.201920 2.916436 1.000000
1776785678.661534 7.229151 -1.193489 2.900398 1.000000
1776785678.766808 7.186623 -1.182603 2.876193 1.000000
1776785678.875467 7.138778 -1.164276 2.886313 1.000000
1776785678.976934 7.079690 -1.169683 2.953871 1.000000
1776785679.083182 7.035215 -1.169290 3.023146 1.000000
1776785679.178850 6.991197 -1.183878 3.093089 1.000000
1776785679.288739 6.946878 -1.193980 -3.128714 1.000000
1776785679.391003 6.908380 -1.204720 -3.060622 1.000000
1776785679.490803 6.870304 -1.221953 -3.004333 1.000000
1776785679.594594 6.832799 -1.233462 -2.941447 1.000000
1776785679.700675 6.839587 -1.210014 -2.909841 1.000000
1776785679.802200 6.773405 -1.256615 -2.820217 1.000000
1776785679.911297 6.776741 -1.250895 -2.789849 1.000000
1776785680.012515 6.715310 -1.302751 -2.707984 1.000000
1776785680.116524 6.707133 -1.304518 -2.676688 1.000000
1776785680.226652 6.675917 -1.337239 -2.619744 1.000000
1776785680.326916 6.668285 -1.336305 -2.594948 1.000000
1776785680.435730 6.632916 -1.377085 -2.533216 1.000000
1776785680.534079 6.636256 -1.382337 -2.503979 1.000000
1776785680.645664 6.594855 -1.416181 -2.438233 1.000000
1776785680.743156 6.579781 -1.440884 -2.394854 1.000000
1776785680.847229 6.569144 -1.441920 -2.360159 1.000000
1776785680.952379 6.561539 -1.474808 -2.307518 1.000000
1776785681.060615 6.541783 -1.497448 -2.269144 1.000000
1776785681.160251 6.531618 -1.527176 -2.227292 1.000000
1776785681.264493 6.528037 -1.530342 -2.198868 1.000000
1776785681.374537 6.508822 -1.574643 -2.141933 1.000000
1776785681.478965 6.503475 -1.578615 -2.108369 1.000000
1776785681.578387 6.487964 -1.637371 -2.046476 1.000000
1776785681.687793 6.482971 -1.657490 -2.005160 1.000000
1776785681.792815 6.476787 -1.676048 -1.958808 1.000000
1776785681.897399 6.468725 -1.707025 -1.919333 1.000000
1776785681.997756 6.469219 -1.725112 -1.879972 1.000000
1776785682.102119 6.470424 -1.743648 -1.865875 1.000000
1776785682.206882 6.463297 -1.780061 -1.868139 1.000000
1776785682.311989 6.455925 -1.819561 -1.872531 1.000000
1776785682.422147 6.448308 -1.851155 -1.873114 1.000000
1776785682.521676 6.443163 -1.893451 -1.877002 1.000000
1776785682.625525 6.429643 -1.937884 -1.872640 1.000000
1776785682.730577 6.424401 -1.975259 -1.882947 1.000000
1776785682.834877 6.414424 -2.019182 -1.880963 1.000000
1776785682.939674 6.412105 -2.054590 -1.885390 1.000000
1776785683.048921 6.394443 -2.111469 -1.883669 1.000000
1776785683.155159 6.383061 -2.164212 -1.886857 1.000000
1776785683.254748 6.372431 -2.210101 -1.885399 1.000000
1776785683.359800 6.368125 -2.241946 -1.883390 1.000000
1776785683.468180 6.376054 -2.290039 -1.885263 1.000000
1776785683.573851 6.375044 -2.323782 -1.890719 1.000000
1776785683.675936 6.352163 -2.369792 -1.895939 1.000000
1776785683.778723 6.352579 -2.392630 -1.894875 1.000000
1776785683.883256 6.355860 -2.417682 -1.891714 1.000000
1776785683.990091 6.369038 -2.449032 -1.878307 1.000000
1776785684.095514 6.363912 -2.473473 -1.873289 1.000000
1776785684.197666 6.366714 -2.502262 -1.859359 1.000000
1776785684.304701 6.364128 -2.544107 -1.864208 1.000000
1776785684.407965 6.357230 -2.575518 -1.871605 1.000000
1776785684.509548 6.344908 -2.605775 -1.884956 1.000000
1776785684.614742 6.331813 -2.620301 -1.908828 1.000000
1776785684.721324 6.320530 -2.647054 -1.983059 1.000000
1776785684.826302 6.295130 -2.685800 -2.092920 1.000000
1776785684.930612 6.264803 -2.716857 -2.180186 1.000000
1776785685.039260 6.226048 -2.749373 -2.289387 1.000000
1776785685.138461 6.197847 -2.757735 -2.370545 1.000000
1776785685.244381 6.160230 -2.778481 -2.501153 1.000000
1776785685.347488 6.116455 -2.794439 -2.617660 1.000000
1776785685.451257 6.076236 -2.806835 -2.711249 1.000000
1776785685.562626 6.033396 -2.817507 -2.810618 1.000000
1776785685.657070 5.982184 -2.814059 -2.908256 1.000000
1776785685.764289 5.953687 -2.817844 -2.921954 1.000000
1776785685.867690 5.915752 -2.821544 -2.935178 1.000000
1776785685.970903 5.876316 -2.822490 -2.943677 1.000000
1776785686.076558 5.831835 -2.823438 -2.952488 1.000000
1776785686.181342 5.786811 -2.833508 -2.967627 1.000000
1776785686.278065 5.740643 -2.844721 -2.984062 1.000000
1776785686.382467 5.696939 -2.846111 -3.007890 1.000000
1776785686.490637 5.647431 -2.848568 -3.079256 1.000000
1776785686.593120 5.597967 -2.848935 3.121421 1.000000
1776785686.696656 5.563236 -2.837749 3.038218 1.000000
1776785686.800720 5.525824 -2.826733 2.965247 1.000000
1776785686.908655 5.478366 -2.820274 2.887014 1.000000
1776785687.007847 5.442377 -2.813310 2.818364 1.000000
1776785687.121509 5.419628 -2.784997 2.750129 1.000000
1776785687.216668 5.381040 -2.777037 2.660765 1.000000
1776785687.320821 5.351395 -2.755174 2.571654 1.000000
1776785687.429769 5.329114 -2.735923 2.478270 1.000000
1776785687.529675 5.314423 -2.709993 2.386038 1.000000
1776785687.634091 5.279686 -2.681709 2.282076 1.000000
1776785687.743388 5.254434 -2.652915 2.184116 1.000000
1776785687.847409 5.232463 -2.619248 2.092530 1.000000
1776785687.946832 5.218614 -2.592751 2.005780 1.000000
1776785688.055240 5.207217 -2.558344 1.916864 1.000000
1776785688.154843 5.199395 -2.527542 1.833056 1.000000
1776785688.258579 5.200671 -2.494630 1.741597 1.000000
1776785688.362137 5.185113 -2.456787 1.675143 1.000000
1776785688.468560 5.178869 -2.420865 1.648681 1.000000
1776785688.567767 5.176162 -2.382711 1.636115 1.000000
1776785688.675104 5.182384 -2.337092 1.624870 1.000000
1776785688.774581 5.167741 -2.300280 1.604572 1.000000
1776785688.879114 5.165198 -2.248743 1.592974 1.000000
1776785688.982343 5.160034 -2.207682 1.577931 1.000000
1776785689.087001 5.157823 -2.157083 1.557639 1.000000
1776785689.195846 5.153144 -2.108057 1.533718 1.000000
1776785689.297869 5.156447 -2.065278 1.516298 1.000000
1776785689.403088 5.160489 -2.007754 1.499975 1.000000
1776785689.511851 5.157881 -1.963815 1.485255 1.000000
1776785689.607954 5.160435 -1.913246 1.465145 1.000000
1776785689.712288 5.167692 -1.860504 1.444024 1.000000
1776785689.818931 5.167134 -1.809685 1.421076 1.000000
1776785689.921283 5.173449 -1.762305 1.405445 1.000000
1776785690.026285 5.183405 -1.713768 1.390203 1.000000
1776785690.133349 5.184367 -1.668207 1.367689 1.000000
1776785690.233387 5.195004 -1.616912 1.346508 1.000000
1776785690.337869 5.200048 -1.570298 1.324239 1.000000
1776785690.448797 5.208713 -1.533635 1.307519 1.000000
1776785690.546948 5.214938 -1.486532 1.290064 1.000000
1776785690.651637 5.234441 -1.441424 1.274735 1.000000
1776785690.756808 5.243509 -1.409744 1.255384 1.000000
1776785690.868012 5.250457 -1.368172 1.239528 1.000000
1776785690.965785 5.258074 -1.322634 1.218052 1.000000
1776785691.068816 5.277073 -1.285530 1.198744 1.000000
1776785691.173295 5.399363 -1.091198 1.172855 1.000000
1776785691.277161 5.413280 -1.059546 1.153686 1.000000
1776785691.386657 5.419099 -1.027950 1.136379 1.000000
1776785691.488847 5.435547 -0.993873 1.120841 1.000000
1776785691.589979 5.448022 -0.946669 1.114239 1.000000
1776785691.693287 5.447179 -0.897794 1.159093 1.000000
1776785691.796120 5.452079 -0.860588 1.232269 1.000000
1776785691.903142 5.456773 -0.836291 1.291818 1.000000
1776785692.005287 5.459644 -0.809079 1.305525 1.000000
1776785692.110894 5.466253 -0.775680 1.298178 1.000000
1776785692.222677 5.479074 -0.747170 1.280280 1.000000
1776785692.321478 5.516446 -0.702804 1.213552 1.000000
1776785692.427009 5.525849 -0.665490 1.104927 1.000000
1776785692.531520 5.544935 -0.636242 1.001471 1.000000
1776785692.636260 5.557829 -0.613087 0.882364 1.000000
1776785692.743621 5.585236 -0.595454 0.768008 1.000000
1776785692.846416 5.616917 -0.573854 0.652274 1.000000
1776785692.951081 5.651664 -0.560942 0.541389 1.000000
1776785693.061746 5.683550 -0.544382 0.434638 1.000000
1776785693.159610 5.715634 -0.529856 0.342973 1.000000
1776785693.261740 5.769341 -0.515020 0.262049 1.000000
1776785693.369251 5.817553 -0.500172 0.221545 1.000000
1776785693.468296 5.857766 -0.493240 0.203164 1.000000
1776785693.577742 5.901592 -0.482033 0.184806 1.000000
1776785693.674831 5.951002 -0.469819 0.172802 1.000000
1776785693.777436 6.009944 -0.452619 0.182697 1.000000
1776785693.880617 6.035007 -0.451003 0.192791 1.000000
1776785693.989428 6.083348 -0.449600 0.180141 1.000000
1776785694.088444 6.128711 -0.445133 0.167652 1.000000
1776785694.192508 6.177560 -0.424786 0.158458 1.000000
1776785694.296555 6.231440 -0.420537 0.149137 1.000000
1776785694.398590 6.276942 -0.417142 0.145741 1.000000
1776785694.509773 6.327768 -0.405033 0.142568 1.000000
1776785694.607336 6.379558 -0.395102 0.194727 1.000000
1776785694.710708 6.428178 -0.365654 0.263296 1.000000
1776785694.813046 6.464391 -0.350040 0.292871 1.000000
1776785694.917555 6.511637 -0.336329 0.297243 1.000000
1776785695.022485 6.559406 -0.324243 0.281840 1.000000
1776785695.128673 6.612397 -0.302650 0.226102 1.000000
1776785695.233134 6.661124 -0.297066 0.131795 1.000000
1776785695.338280 6.701196 -0.298216 0.044984 1.000000
1776785695.447780 6.732850 -0.308700 -0.036367 1.000000
1776785695.552313 6.769075 -0.312167 -0.134835 1.000000
1776785695.651242 6.803676 -0.334038 -0.230740 1.000000
1776785695.755440 6.836361 -0.341967 -0.303635 1.000000
1776785695.859643 6.873341 -0.361320 -0.378363 1.000000
1776785695.962394 6.927627 -0.363763 -0.418717 1.000000
1776785696.069865 6.953947 -0.386424 -0.427702 1.000000
1776785696.171539 6.995295 -0.400503 -0.449160 1.000000
1776785696.273234 7.040498 -0.419071 -0.469502 1.000000
1776785696.379680 7.083588 -0.440693 -0.490828 1.000000
1776785696.481895 7.118184 -0.458477 -0.530950 1.000000
1776785696.587082 7.144205 -0.487884 -0.623790 1.000000
1776785696.695181 7.165322 -0.523876 -0.740393 1.000000
1776785696.797899 7.184727 -0.577511 -0.851209 1.000000
1776785696.901916 7.218212 -0.606473 -0.954874 1.000000
1776785697.009960 7.236740 -0.640327 -1.043027 1.000000
1776785697.110736 7.243955 -0.687009 -1.119716 1.000000
1776785697.214912 7.249026 -0.727989 -1.192502 1.000000
1776785697.319975 7.251954 -0.768203 -1.286957 1.000000
1776785697.423621 7.256354 -0.809580 -1.376714 1.000000
1776785697.534063 7.247406 -0.849911 -1.468969 1.000000
1776785697.632393 7.240193 -0.890989 -1.559838 1.000000
1776785697.740152 7.265419 -0.916517 -1.638009 1.000000
1776785697.840257 7.263233 -0.959530 -1.657665 1.000000
1776785697.943600 7.249132 -1.007123 -1.672767 1.000000
1776785698.052432 7.242510 -1.048603 -1.688876 1.000000
1776785698.153645 7.227968 -1.090787 -1.747881 1.000000
1776785698.258118 7.212512 -1.130901 -1.823496 1.000000
1776785698.362592 7.220235 -1.161112 -1.933512 1.000000
1776785698.466683 7.182300 -1.208740 -1.974903 1.000000
1776785698.571139 7.156081 -1.245459 -2.043857 1.000000
1776785698.674352 7.126153 -1.278716 -2.127208 1.000000
1776785698.781827 7.094889 -1.308709 -2.218742 1.000000
1776785698.890648 7.127613 -1.335723 -2.389583 1.000000
1776785698.998903 7.083745 -1.353916 -2.495076 1.000000
1776785699.094904 7.035728 -1.378305 -2.612351 1.000000
1776785699.199240 6.999256 -1.390862 -2.723088 1.000000
1776785699.303898 6.952882 -1.407642 -2.833696 1.000000
1776785699.414389 6.905281 -1.412447 -2.943243 1.000000
1776785699.513754 6.862807 -1.422654 -3.049796 1.000000
1776785699.618221 6.824846 -1.413413 3.131660 1.000000
1776785699.725819 6.777240 -1.411636 3.028987 1.000000
1776785699.827490 6.734614 -1.388485 2.983081 1.000000
1776785699.934709 6.684451 -1.396704 2.957787 1.000000
1776785700.034689 6.640068 -1.392582 2.939467 1.000000
1776785700.137116 6.590901 -1.387542 2.925390 1.000000
1776785700.241563 6.544279 -1.382532 2.907720 1.000000
1776785700.352395 6.482953 -1.375115 2.915760 1.000000
1776785700.450113 6.431217 -1.371596 2.984744 1.000000
1776785700.559035 6.390984 -1.370210 3.052994 1.000000
1776785700.663032 6.347100 -1.385501 3.121104 1.000000
1776785700.762948 6.301728 -1.393732 -3.110182 1.000000
1776785700.871432 6.278878 -1.390553 -3.100826 1.000000
1776785700.979921 6.213788 -1.408068 -3.092153 1.000000
1776785701.081813 6.158435 -1.422973 -3.100973 1.000000
1776785701.182084 6.085730 -1.446567 -3.109939 1.000000
1776785701.287583 6.062592 -1.413942 -3.122374 1.000000
1776785701.396638 6.015784 -1.417543 -3.127600 1.000000
1776785701.499649 5.977136 -1.418549 3.106109 1.000000
1776785701.602109 5.921461 -1.428450 3.073499 1.000000
1776785701.711039 5.869063 -1.436042 3.055173 1.000000
1776785701.812547 5.828116 -1.422188 3.041361 1.000000
1776785701.920992 5.937228 -1.289295 3.014294 1.000000
1776785702.024328 5.876468 -1.282943 3.003386 1.000000
1776785702.123322 5.817904 -1.296095 2.993911 1.000000
1776785702.227488 5.748882 -1.312898 3.025163 1.000000
1776785702.340431 5.693714 -1.310046 3.031094 1.000000
1776785702.442168 5.629042 -1.298400 3.022575 1.000000
1776785702.540682 5.582317 -1.305010 3.025426 1.000000
1776785702.641909 5.522118 -1.295405 3.016418 1.000000
1776785702.753547 5.466875 -1.292851 3.024836 1.000000
1776785702.855625 5.397874 -1.306906 3.025937 1.000000
1776785702.959403 5.343589 -1.290993 3.025976 1.000000
1776785703.063867 5.290773 -1.295448 3.030161 1.000000
1776785703.168020 5.248550 -1.275735 3.029917 1.000000
1776785703.278694 5.197459 -1.276073 3.029448 1.000000
1776785703.380435 5.145657 -1.277222 3.023048 1.000000
1776785703.486778 5.092350 -1.268288 3.018360 1.000000
1776785703.590001 5.045540 -1.262875 3.015522 1.000000
1776785703.694469 4.998480 -1.257949 3.011203 1.000000
1776785703.795084 4.950090 -1.257181 3.011857 1.000000
1776785703.906210 4.903202 -1.253472 3.007220 1.000000
1776785704.003277 4.855673 -1.253450 3.027908 1.000000
1776785704.106959 4.805798 -1.274284 3.088294 1.000000
1776785704.212405 4.781937 -1.270831 3.118931 1.000000
1776785704.320492 4.760704 -1.263069 3.118782 1.000000
1776785704.427485 4.737420 -1.261446 3.117378 1.000000
1776785704.526291 4.728477 -1.256063 3.115616 1.000000
1776785704.634091 4.712250 -1.263359 3.114355 1.000000
1776785704.733966 4.703466 -1.263753 3.113216 1.000000
1776785704.838540 4.700597 -1.262978 3.115228 1.000000
1776785704.942239 4.696830 -1.261073 3.113597 1.000000
1776785705.046295 4.690200 -1.258135 3.116075 1.000000
1776785705.150720 4.689054 -1.262549 3.113144 1.000000
1776785705.262222 4.674310 -1.264032 3.113338 1.000000
1776785705.359418 4.665455 -1.257624 3.112040 1.000000
1776785705.463303 4.639126 -1.264987 3.111722 1.000000
1776785705.572680 4.614464 -1.255055 3.108720 1.000000
1776785705.672485 4.584000 -1.263085 3.108494 1.000000
1776785705.777906 4.551285 -1.269003 3.107835 1.000000
1776785705.886925 4.521587 -1.269370 3.104132 1.000000
1776785705.987399 4.480906 -1.263946 3.105125 1.000000
1776785706.095743 4.444216 -1.269496 3.103947 1.000000
1776785706.198686 4.401964 -1.265518 3.109107 1.000000
1776785706.300277 4.372010 -1.267313 3.109219 1.000000
1776785706.406941 4.327867 -1.271022 3.102696 1.000000
1776785706.509352 4.286352 -1.272861 3.100869 1.000000
1776785706.617130 4.246274 -1.271045 3.103119 1.000000
1776785706.725784 4.195381 -1.271553 3.093337 1.000000
1776785706.823627 4.157283 -1.268742 3.095086 1.000000
1776785706.928252 4.109981 -1.275545 3.091924 1.000000
1776785707.033057 4.065340 -1.271477 3.087981 1.000000
1776785707.138201 4.020841 -1.271211 3.084442 1.000000
1776785707.243400 3.978450 -1.270656 3.076267 1.000000
1776785707.347996 3.929867 -1.270838 3.072259 1.000000
1776785707.459844 3.883806 -1.267426 3.071263 1.000000
1776785707.560420 3.835641 -1.270215 3.070134 1.000000
1776785707.669068 3.792716 -1.265633 3.068693 1.000000
1776785707.767553 3.737580 -1.258424 3.068753 1.000000
1776785707.878723 3.686225 -1.268619 3.064132 1.000000
1776785707.974683 3.637431 -1.253532 3.063947 1.000000
1776785708.081757 3.586213 -1.263617 3.061896 1.000000
1776785708.184161 3.534911 -1.252464 3.065657 1.000000
1776785708.304598 3.484932 -1.254823 3.057807 1.000000
1776785708.393550 3.433717 -1.247023 3.058618 1.000000
1776785708.497945 3.383913 -1.256475 3.052559 1.000000
1776785708.608014 3.328928 -1.250503 3.052004 1.000000
1776785708.707120 3.281459 -1.244021 3.046819 1.000000
1776785708.811447 3.222738 -1.254646 3.045810 1.000000
1776785708.921674 3.172722 -1.244722 3.040660 1.000000
1776785709.022376 3.119271 -1.241127 3.039755 1.000000
1776785709.125853 3.069470 -1.241039 3.036986 1.000000
1776785709.235771 3.007262 -1.238201 3.030478 1.000000
1776785709.334324 2.957708 -1.237125 3.026239 1.000000
1776785709.438689 2.903569 -1.237869 3.024966 1.000000
1776785709.543569 2.848245 -1.235758 3.020242 1.000000
1776785709.648068 2.797390 -1.225899 3.016636 1.000000
1776785709.753344 2.742911 -1.223000 3.013014 1.000000
1776785709.857343 2.689252 -1.218121 3.011253 1.000000
1776785709.962860 2.634932 -1.213928 3.011069 1.000000
1776785710.067171 2.589303 -1.205507 3.008044 1.000000
1776785710.172607 2.546544 -1.197430 3.003753 1.000000
1776785710.281079 2.496956 -1.190181 2.998338 1.000000
1776785710.381353 2.453625 -1.181579 3.000189 1.000000
1776785710.489750 2.411084 -1.176426 2.997973 1.000000
1776785710.589971 2.367404 -1.162266 2.996624 1.000000
1776785710.694374 2.326988 -1.152003 2.990694 1.000000
1776785710.801813 2.283272 -1.143926 2.987058 1.000000
1776785710.904202 2.238710 -1.138792 2.982100 1.000000
1776785711.011177 2.210688 -1.113632 2.942583 1.000000
1776785711.118095 2.179364 -1.099908 2.839371 1.000000
1776785711.219222 2.135010 -1.070610 2.725607 1.000000
1776785711.324212 2.111808 -1.044079 2.630569 1.000000
1776785711.428875 2.090641 -1.006864 2.541386 1.000000
1776785711.533100 2.049896 -0.992715 2.449997 1.000000
1776785711.637074 2.030624 -0.942572 2.393845 1.000000
1776785711.739706 2.013175 -0.913178 2.327869 1.000000
1776785711.843409 1.997013 -0.880656 2.262489 1.000000
1776785711.947404 1.983067 -0.840295 2.199684 1.000000
1776785712.055227 1.971959 -0.808814 2.131879 1.000000
1776785712.153843 1.958721 -0.775150 2.075448 1.000000
1776785712.257156 1.950613 -0.739887 2.004592 1.000000
1776785712.365813 1.938166 -0.699141 1.937087 1.000000
1776785712.470753 1.938594 -0.659440 1.868973 1.000000
1776785712.566967 1.933394 -0.623721 1.805365 1.000000
1776785712.670234 1.930321 -0.586511 1.738235 1.000000
1776785712.773776 1.932932 -0.539335 1.669693 1.000000
1776785712.881153 1.902775 -0.676802 1.620235 1.000000
1776785712.981280 1.862201 -0.636620 1.541182 1.000000
1776785713.085681 1.895856 -0.570628 1.515787 1.000000
1776785713.188210 1.898671 -0.525681 1.498438 1.000000
1776785713.294482 1.906503 -0.477744 1.484278 1.000000
1776785713.394623 1.908022 -0.421272 1.489627 1.000000
1776785713.497174 1.894382 -0.368620 1.542057 1.000000
1776785713.600439 1.888712 -0.331584 1.600651 1.000000
1776785713.701913 1.878810 -0.301113 1.652805 1.000000
1776785713.809660 1.873843 -0.265515 1.704999 1.000000
1776785713.909515 1.859072 -0.227790 1.757051 1.000000
1776785714.014326 1.844829 -0.206431 1.809000 1.000000
1776785714.118150 1.836912 -0.164739 1.864664 1.000000
1776785714.223381 1.819562 -0.180557 1.896939 1.000000
1776785714.333066 1.797350 -0.148433 1.953268 1.000000
1776785714.432431 1.776670 -0.119948 2.003891 1.000000
1776785714.537830 1.756102 -0.100781 2.062697 1.000000
1776785714.642210 1.737816 -0.073653 2.106856 1.000000
1776785714.746629 1.716845 -0.041878 2.158117 1.000000
1776785714.855762 1.704486 -0.020126 2.208145 1.000000
1776785714.955256 1.682858 0.003202 2.256474 1.000000
1776785715.067230 1.662975 0.013594 2.303074 1.000000
1776785715.164232 1.631338 0.031697 2.347165 1.000000
1776785715.268113 1.603197 0.057374 2.400545 1.000000
1776785715.372185 1.593192 0.082742 2.445201 1.000000
1776785715.476660 1.569807 0.102724 2.490010 1.000000
1776785715.588445 1.552459 0.118390 2.534080 1.000000
1776785715.685692 1.530256 0.131948 2.580466 1.000000
1776785715.790143 1.504239 0.145062 2.623417 1.000000
1776785715.894251 1.479442 0.159554 2.666204 1.000000
1776785716.002596 1.451697 0.171213 2.714177 1.000000
1776785716.106965 1.426991 0.180079 2.764022 1.000000
1776785716.207007 1.403318 0.188394 2.811606 1.000000
1776785716.316437 1.378716 0.195965 2.854071 1.000000
1776785716.415195 1.362240 0.198463 2.897341 1.000000
1776785716.527345 1.332953 0.197789 2.940712 1.000000
1776785716.625153 1.309652 0.201275 2.986391 1.000000
1776785716.728379 1.283602 0.200819 3.028987 1.000000
1776785716.838350 1.262057 0.200897 3.073973 1.000000
1776785716.935529 1.236023 0.199875 3.119793 1.000000
1776785717.039645 1.212497 0.195347 -3.119148 1.000000
1776785717.148292 1.193897 0.193237 -3.075000 1.000000
1776785717.251960 1.169139 0.187520 -3.036746 1.000000
1776785717.352906 1.149839 0.180382 -2.992481 1.000000
1776785717.457787 1.133457 0.176625 -2.955488 1.000000
1776785717.562409 1.119856 0.172081 -2.916867 1.000000
1776785717.666601 1.104038 0.165702 -2.875697 1.000000
1776785717.782917 1.088461 0.165409 -2.840391 1.000000
1776785717.875566 1.072714 0.145514 -2.833807 1.000000
1776785717.981277 1.053640 0.142423 -2.828307 1.000000
1776785718.085942 1.026615 0.117991 -2.838816 1.000000
1776785718.190601 0.996165 0.121847 -2.838889 1.000000
1776785718.296416 0.968639 0.119421 -2.836792 1.000000
1776785718.400412 0.937334 0.108816 -2.839076 1.000000
1776785718.504954 0.914376 0.100577 -2.867466 1.000000
1776785718.617083 0.879370 0.106779 -2.941158 1.000000
1776785718.717024 0.846581 0.115065 -3.042455 1.000000
1776785718.821902 0.803662 0.104880 -3.137943 1.000000
1776785718.929898 0.749758 0.098008 3.101494 1.000000
1776785719.030593 0.711460 0.104274 3.083792 1.000000
1776785719.139389 0.674906 0.112750 3.070466 1.000000
1776785719.235427 0.611103 0.109164 3.089676 1.000000
1776785719.338967 0.558473 0.095346 -3.139111 1.000000
1776785719.450138 0.547383 0.092329 -3.101832 1.000000
1776785719.545763 0.501393 0.105880 -3.085443 1.000000
1776785719.650709 0.458002 0.099590 -3.090159 1.000000
1776785719.759099 0.413108 0.097477 -3.089281 1.000000
1776785719.859121 0.374410 0.094765 -3.092313 1.000000
1776785719.966120 0.328581 0.091051 -3.094986 1.000000
1776785720.065922 0.292150 0.090142 -3.097371 1.000000
1776785720.169911 0.248470 0.083361 -3.102906 1.000000
1776785720.273995 0.207399 0.084433 -3.109005 1.000000
1776785720.385298 0.161505 0.084801 -3.113214 1.000000
1776785720.489708 0.114580 0.081564 -3.114351 1.000000
1776785720.595059 0.072787 0.080477 -3.116261 1.000000
1776785720.696664 0.031680 0.080399 -3.120797 1.000000
1776785720.796244 -0.007376 0.081307 -3.123027 1.000000
1776785720.898351 -0.057893 0.076275 -3.128175 1.000000
1776785721.003281 -0.103175 0.076485 3.141194 1.000000
1776785721.111103 -0.136694 0.077296 3.134864 1.000000
1776785721.214308 -0.181077 0.080342 3.131491 1.000000
1776785721.313808 -0.225879 0.080822 3.125472 1.000000
1776785721.421510 -0.273823 0.082174 3.125201 1.000000
1776785721.523138 -0.306333 0.083375 3.114785 1.000000
1776785721.624677 -0.331796 0.082677 3.115472 1.000000
1776785721.729187 -0.349304 0.087043 3.117105 1.000000
1776785721.833443 -0.352690 0.094085 3.115994 1.000000
1776785721.936886 -0.352520 0.095769 3.118905 1.000000
1776785722.041191 -0.350952 0.101799 3.116452 1.000000
1776785722.146567 -0.348566 0.107633 3.117848 1.000000
1776785722.249963 -0.347761 0.111481 3.117160 1.000000
1776785722.354874 -0.345737 0.116501 3.115952 1.000000
1776785722.460904 -0.336278 0.122805 3.116570 1.000000
1776785722.563294 -0.329455 0.128114 3.115006 1.000000
1776785722.666487 -0.322683 0.140756 3.115550 1.000000
1776785722.773902 -0.323442 0.144757 3.115084 1.000000
1776785722.873368 -0.314476 0.149792 3.114135 1.000000
1776785722.982647 -0.326206 0.148874 3.115130 1.000000
1776785723.080963 -0.319643 0.151124 3.117036 1.000000
1776785723.189718 -0.315327 0.158842 3.116166 1.000000
1776785723.288886 -0.311590 0.161424 3.115767 1.000000
1776785723.396093 -0.314751 0.161360 3.116124 1.000000
1776785723.498295 -0.308485 0.171420 3.114668 1.000000
1776785723.607914 -0.306170 0.179800 3.113092 1.000000
1776785723.706465 -0.303669 0.180873 3.112019 1.000000
1776785723.810864 -0.297701 0.184833 3.112137 1.000000
1776785723.916619 -0.298904 0.194173 3.110814 1.000000
1776785724.018827 -0.285432 0.200604 3.105962 1.000000
1776785724.123428 -0.283590 0.214024 3.104279 1.000000
1776785724.230160 -0.369495 0.030981 3.131133 1.000000
1776785724.330238 -0.363013 0.038653 3.129804 1.000000
1776785724.435050 -0.362003 0.047836 3.127223 1.000000
1776785724.542354 -0.353830 0.060110 3.127538 1.000000
1776785724.641138 -0.352972 0.061112 3.127167 1.000000
1776785724.744035 -0.345729 0.068812 3.127204 1.000000
1776785724.847992 -0.345165 0.074856 3.125481 1.000000
1776785724.953127 -0.343989 0.080553 3.124070 1.000000
1776785725.057417 -0.334959 0.092515 3.124201 1.000000
1776785725.160927 -0.329926 0.097948 3.124173 1.000000
1776785725.267774 -0.331315 0.100836 3.119405 1.000000
1776785725.367193 -0.333502 0.097774 3.119713 1.000000
1776785725.470924 -0.329478 0.105750 3.120721 1.000000
1776785725.575301 -0.327178 0.109190 3.123390 1.000000
1776785725.678400 -0.324933 0.115221 3.119812 1.000000
1776785725.785161 -0.325326 0.116886 3.120560 1.000000
1776785725.889194 -0.320319 0.123764 3.118281 1.000000
1776785725.990032 -0.316042 0.126956 3.119701 1.000000
1776785726.093942 -0.312612 0.130244 3.119617 1.000000
1776785726.205467 -0.313477 0.135034 3.122030 1.000000
1776785726.302164 -0.311585 0.135966 3.122124 1.000000
1776785726.405978 -0.309816 0.136974 3.118997 1.000000
1776785726.510672 -0.307444 0.142863 3.120143 1.000000
1776785726.614964 -0.301544 0.149022 3.119373 1.000000
1776785726.722028 -0.305123 0.147507 3.119502 1.000000
1776785726.830249 -0.299452 0.151545 3.118395 1.000000
1776785726.930669 -0.299010 0.155036 3.119354 1.000000
1776785727.030827 -0.300168 0.155546 3.119452 1.000000
1776785727.137777 -0.292376 0.159095 3.118198 1.000000
1776785727.237149 -0.295753 0.160461 3.118035 1.000000
1776785727.341094 -0.295279 0.160617 3.118645 1.000000
1776785727.446836 -0.292422 0.161862 3.120186 1.000000
1776785727.548913 -0.287358 0.167729 3.116694 1.000000
1776785727.652131 -0.285866 0.167980 3.114449 1.000000
1776785727.756709 -0.290001 0.169767 3.117240 1.000000
1776785727.860950 -0.286644 0.173773 3.113361 1.000000
1776785727.965688 -0.286613 0.172604 3.114730 1.000000
1776785728.064747 -0.283058 0.176515 3.115142 1.000000
1776785728.172878 -0.286102 0.177031 3.116380 1.000000
1776785728.284370 -0.282151 0.179834 3.116720 1.000000
1776785728.385684 -0.282784 0.179917 3.117223 1.000000
1776785728.489509 -0.282114 0.183311 3.113686 1.000000
1776785728.594214 -0.276020 0.185128 3.114318 1.000000
1776785728.692982 -0.286382 0.182329 3.116211 1.000000
1776785728.797470 -0.281961 0.181138 3.114433 1.000000
1776785728.900141 -0.276202 0.188328 3.114347 1.000000
1776785729.005218 -0.280189 0.184876 3.115820 1.000000
1776785729.108524 -0.277477 0.185699 3.113442 1.000000
1776785729.216356 -0.275045 0.187272 3.115570 1.000000
1776785729.316722 -0.274357 0.188381 3.116963 1.000000
1776785729.426729 -0.275722 0.190704 3.117385 1.000000
1776785729.525206 -0.272617 0.189227 3.115150 1.000000
1776785729.633527 -0.267577 0.191131 3.116854 1.000000
1776785729.732172 -0.268927 0.192188 3.114896 1.000000
1776785729.836727 -0.271374 0.191002 3.116548 1.000000
1776785729.942699 -0.267856 0.194196 3.117720 1.000000
1776785730.044705 -0.268992 0.193733 3.115566 1.000000
1776785730.156128 -0.266437 0.196306 3.114061 1.000000
1776785730.256713 -0.267845 0.198383 3.118055 1.000000
1776785730.356699 -0.265452 0.199358 3.116704 1.000000
1776785730.459930 -0.263188 0.202223 3.115158 1.000000
1776785730.564181 -0.262088 0.199540 3.116687 1.000000
1776785730.672437 -0.261145 0.205840 3.117181 1.000000
1776785730.772522 -0.258278 0.207138 3.118385 1.000000
1776785730.876382 -0.257601 0.208785 3.115090 1.000000
1776785730.981892 -0.254672 0.213173 3.117659 1.000000
1776785731.085873 -0.256157 0.213825 3.118019 1.000000
1776785731.190140 -0.254869 0.213933 3.113579 1.000000
1776785731.299199 -0.253811 0.215698 3.116901 1.000000
1776785731.396601 -0.251755 0.217741 3.116006 1.000000
1776785731.500464 -0.248259 0.220104 3.115793 1.000000
1776785731.603383 -0.251000 0.217732 3.114324 1.000000
1776785731.707425 -0.247072 0.222347 3.116380 1.000000
1776785731.812078 -0.249127 0.221868 3.114533 1.000000
1776785731.914847 -0.236562 0.214704 3.116254 1.000000
1776785732.018625 -0.235119 0.211398 3.113468 1.000000
1776785732.123541 -0.233998 0.215550 3.115798 1.000000
1776785732.227007 -0.232616 0.216398 3.114215 1.000000
1776785732.335106 -0.228529 0.220938 3.115428 1.000000
1776785732.434399 -0.228453 0.221354 3.115508 1.000000
1776785732.538192 -0.227962 0.221815 3.115215 1.000000
1776785732.641494 -0.226259 0.222676 3.115111 1.000000
1776785732.750147 -0.226427 0.222695 3.115193 1.000000
1776785732.851691 -0.227046 0.225433 3.115223 1.000000
1776785732.956728 -0.225024 0.227325 3.115027 1.000000
1776785733.062739 -0.228726 0.225168 3.115307 1.000000
1776785733.159038 -0.221626 0.227454 3.113706 1.000000
1776785733.266709 -0.223022 0.225335 3.115373 1.000000
1776785733.364815 -0.221623 0.231474 3.116394 1.000000
1776785733.476805 -0.215272 0.228290 3.115284 1.000000
1776785733.571770 -0.221480 0.227552 3.116160 1.000000
1776785733.675864 -0.213652 0.233196 3.114704 1.000000
1776785733.779595 -0.213142 0.234884 3.116423 1.000000
1776785733.883497 -0.219627 0.230719 3.115357 1.000000
1776785733.986396 -0.213851 0.232393 3.114837 1.000000
1776785734.094114 -0.211370 0.235851 3.115222 1.000000
1776785734.194831 -0.206861 0.236853 3.116003 1.000000
1776785734.297654 -0.209339 0.238300 3.116113 1.000000
1776785734.404778 -0.203033 0.239361 3.115721 1.000000
1776785734.504079 -0.207410 0.240368 3.117100 1.000000
1776785734.607204 -0.202269 0.240098 3.116241 1.000000
1776785734.711000 -0.204243 0.239803 3.114699 1.000000
1776785734.814932 -0.200170 0.243939 3.116223 1.000000
1776785734.921991 -0.199761 0.246307 3.118459 1.000000
1776785735.021211 -0.200663 0.243204 3.116278 1.000000
1776785735.126926 -0.204531 0.243340 3.118157 1.000000
1776785735.235665 -0.203691 0.228425 3.111397 1.000000
1776785735.336495 -0.197627 0.234030 3.111925 1.000000
1776785735.435867 -0.195338 0.229806 3.111221 1.000000
1776785735.539688 -0.202631 0.229277 3.111394 1.000000
1776785735.647432 -0.193178 0.232864 3.112262 1.000000
1776785735.747491 -0.195029 0.235712 3.112308 1.000000
1776785735.856918 -0.193652 0.236876 3.111032 1.000000
1776785735.960894 -0.193043 0.236175 3.111695 1.000000
1776785736.062371 -0.190905 0.239636 3.112252 1.000000
